     0     0     0.000000
     1     0     0.000000
     2     0     0.000000
     3     0     0.000000
     4     0     0.000000
     5     0     0.000000
     6     0     0.000000
     7     0     0.000000
     8     0     0.000000
     9     0     0.000000
    10     0     0.000000
    11     0     0.000000
    12     0     0.000000
    13     0     0.000000
    14     0     0.000000
    15     0     0.000000
    16     0     0.000000
    17     0     0.000000
    18     0     0.000000
    19     0     0.000000
    20     0     0.000000
    21     0     0.000000
    22     0     0.000000
    23     0     0.000000
    24     0     0.000000
    25     0     0.000000
    26     0     0.000000
    27     0     0.000000
    28     0     0.000000
    29     0     0.000000
    30     0     0.000000
    31     0     0.000000
    32     0     0.000000
    33     0     0.000000
    34     0     0.000000
    35     0     0.000000
    36     0     0.000000
    37     0     0.000000
    38     0     0.000000
    39     0     0.000000
    40     0     0.000000
    41     0     0.000000
    42     0     0.000000
    43     0     0.000000
    44     0     0.000000
    45     0     0.000000
    46     0     0.000000
    47     0     0.000000
    48     0     0.000000
    49     0     0.000000
    50     0     0.000000
    51     0     0.000000
    52     0     0.000000
    53     0     0.000000
    54     0     0.000000
    55     0     0.000000
    56     0     0.000000
    57     0     0.000000
    58     0     0.000000
    59     0     0.000000
    60     0     0.000000
    61     0     0.000000
    62     0     0.000000
    63     0     0.000000
    64     0     0.000000
    65     0     0.000000
    66     0     0.000000
    67     0     0.000000
    68     0     0.000000
    69     0     0.000000
    70     0     0.000000
    71     0     0.000000
    72     0     0.000000
    73     0     0.000000
    74     0     0.000000
    75     0     0.000000
    76     0     0.000000
    77     0     0.000000
    78     0     0.000000
    79     0     0.000000
    80     0     0.000000
    81     0     0.000000
    82     0     0.000000
    83     0     0.000000
    84     0     0.000000
    85     0     0.000000
    86     0     0.000000
    87     0     0.000000
    88     0     0.000000
    89     0     0.000000
    90     0     0.000000
    91     0     0.000000
    92     0     0.000000
    93     0     0.000000
    94     0     0.000000
    95     0     0.000000
    96     0     0.000000
    97     0     0.000000
    98     0     0.000000
    99     0     0.000000
   100     0     0.000000
   101     0     0.000000
   102     0     0.000000
   103     0     0.000000
   104     0     0.000000
   105     0     0.000000
   106     0     0.000000
   107     0     0.000000
   108     0     0.000000
   109     0     0.000000
   110     0     0.000000
     0     1     0.205000
     1     1     0.199593
     2     1     0.191926
     3     1     0.184927
     4     1     0.179787
     5     1     0.177067
     6     1     0.177111
     7     1     0.179801
     8     1     0.184269
     9     1     0.189087
    10     1     0.192662
    11     1     0.193944
    12     1     0.192849
    13     1     0.189452
    14     1     0.184023
    15     1     0.176918
    16     1     0.168510
    17     1     0.159153
    18     1     0.149184
    19     1     0.138917
    20     1     0.128639
    21     1     0.118602
    22     1     0.109020
    23     1     0.100062
    24     1     0.091851
    25     1     0.084467
    26     1     0.077948
    27     1     0.072299
    28     1     0.067489
    29     1     0.063460
    30     1     0.060138
    31     1     0.057441
    32     1     0.055286
    33     1     0.053593
    34     1     0.052285
    35     1     0.051288
    36     1     0.050537
    37     1     0.049973
    38     1     0.049551
    39     1     0.049235
    40     1     0.048998
    41     1     0.048818
    42     1     0.048675
    43     1     0.048553
    44     1     0.048441
    45     1     0.048332
    46     1     0.048225
    47     1     0.048117
    48     1     0.048007
    49     1     0.047891
    50     1     0.047770
    51     1     0.047644
    52     1     0.047514
    53     1     0.047382
    54     1     0.047248
    55     1     0.047110
    56     1     0.046970
    57     1     0.046827
    58     1     0.046682
    59     1     0.046537
    60     1     0.046391
    61     1     0.046243
    62     1     0.046094
    63     1     0.045943
    64     1     0.045791
    65     1     0.045639
    66     1     0.045486
    67     1     0.045334
    68     1     0.045183
    69     1     0.045032
    70     1     0.044883
    71     1     0.044735
    72     1     0.044590
    73     1     0.044447
    74     1     0.044307
    75     1     0.044170
    76     1     0.044036
    77     1     0.043905
    78     1     0.043777
    79     1     0.043651
    80     1     0.043528
    81     1     0.043407
    82     1     0.043288
    83     1     0.043171
    84     1     0.043055
    85     1     0.042941
    86     1     0.042828
    87     1     0.042716
    88     1     0.042606
    89     1     0.042496
    90     1     0.042388
    91     1     0.042281
    92     1     0.042176
    93     1     0.042072
    94     1     0.041971
    95     1     0.041873
    96     1     0.041779
    97     1     0.041688
    98     1     0.041602
    99     1     0.041522
   100     1     0.041448
   101     1     0.041382
   102     1     0.041325
   103     1     0.041281
   104     1     0.041250
   105     1     0.041238
   106     1     0.041252
   107     1     0.041289
   108     1     0.041340
   109     1     0.041382
   110     1     0.041382
     0     2     0.410000
     1     2     0.408268
     2     2     0.405466
     3     2     0.403811
     4     2     0.404930
     5     2     0.409943
     6     2     0.419340
     7     2     0.432851
     8     2     0.449232
     9     2     0.466073
    10     2     0.480261
    11     2     0.489676
    12     2     0.493511
    13     2     0.492041
    14     2     0.485946
    15     2     0.475986
    16     2     0.462897
    17     2     0.447370
    18     2     0.430061
    19     2     0.411588
    20     2     0.392520
    21     2     0.373368
    22     2     0.354573
    23     2     0.336493
    24     2     0.319409
    25     2     0.303524
    26     2     0.288969
    27     2     0.275804
    28     2     0.264031
    29     2     0.253603
    30     2     0.244437
    31     2     0.236436
    32     2     0.229492
    33     2     0.223494
    34     2     0.218326
    35     2     0.213874
    36     2     0.210027
    37     2     0.206689
    38     2     0.203777
    39     2     0.201226
    40     2     0.198979
    41     2     0.196982
    42     2     0.195189
    43     2     0.193559
    44     2     0.192064
    45     2     0.190683
    46     2     0.189400
    47     2     0.188201
    48     2     0.187072
    49     2     0.186001
    50     2     0.184980
    51     2     0.184005
    52     2     0.183072
    53     2     0.182176
    54     2     0.181311
    55     2     0.180473
    56     2     0.179657
    57     2     0.178863
    58     2     0.178088
    59     2     0.177331
    60     2     0.176589
    61     2     0.175858
    62     2     0.175138
    63     2     0.174427
    64     2     0.173726
    65     2     0.173034
    66     2     0.172352
    67     2     0.171680
    68     2     0.171019
    69     2     0.170367
    70     2     0.169727
    71     2     0.169099
    72     2     0.168483
    73     2     0.167881
    74     2     0.167292
    75     2     0.166717
    76     2     0.166155
    77     2     0.165606
    78     2     0.165069
    79     2     0.164544
    80     2     0.164029
    81     2     0.163525
    82     2     0.163030
    83     2     0.162544
    84     2     0.162065
    85     2     0.161593
    86     2     0.161128
    87     2     0.160669
    88     2     0.160216
    89     2     0.159769
    90     2     0.159328
    91     2     0.158895
    92     2     0.158468
    93     2     0.158050
    94     2     0.157641
    95     2     0.157241
    96     2     0.156853
    97     2     0.156478
    98     2     0.156116
    99     2     0.155772
   100     2     0.155446
   101     2     0.155142
   102     2     0.154864
   103     2     0.154617
   104     2     0.154406
   105     2     0.154238
   106     2     0.154120
   107     2     0.154053
   108     2     0.154038
   109     2     0.154057
   110     2     0.154057
     0     3     0.615000
     1     3     0.615294
     2     3     0.616972
     3     3     0.621439
     4     3     0.630177
     5     3     0.644499
     6     3     0.665269
     7     3     0.692492
     8     3     0.724715
     9     3     0.758030
    10     3     0.786267
    11     3     0.806149
    12     3     0.817165
    13     3     0.820116
    14     3     0.816239
    15     3     0.806681
    16     3     0.792448
    17     3     0.774462
    18     3     0.753597
    19     3     0.730691
    20     3     0.706524
    21     3     0.681807
    22     3     0.657151
    23     3     0.633069
    24     3     0.609968
    25     3     0.588155
    26     3     0.567839
    27     3     0.549139
    28     3     0.532095
    29     3     0.516680
    30     3     0.502830
    31     3     0.490451
    32     3     0.479435
    33     3     0.469662
    34     3     0.460997
    35     3     0.453306
    36     3     0.446456
    37     3     0.440330
    38     3     0.434831
    39     3     0.429874
    40     3     0.425384
    41     3     0.421286
    42     3     0.417518
    43     3     0.414026
    44     3     0.410770
    45     3     0.407722
    46     3     0.404858
    47     3     0.402153
    48     3     0.399586
    49     3     0.397140
    50     3     0.394803
    51     3     0.392566
    52     3     0.390421
    53     3     0.388359
    54     3     0.386370
    55     3     0.384445
    56     3     0.382580
    57     3     0.380769
    58     3     0.379009
    59     3     0.377293
    60     3     0.375618
    61     3     0.373978
    62     3     0.372370
    63     3     0.370791
    64     3     0.369241
    65     3     0.367718
    66     3     0.366223
    67     3     0.364754
    68     3     0.363311
    69     3     0.361894
    70     3     0.360505
    71     3     0.359142
    72     3     0.357809
    73     3     0.356503
    74     3     0.355227
    75     3     0.353979
    76     3     0.352758
    77     3     0.351565
    78     3     0.350397
    79     3     0.349254
    80     3     0.348135
    81     3     0.347038
    82     3     0.345961
    83     3     0.344904
    84     3     0.343865
    85     3     0.342842
    86     3     0.341835
    87     3     0.340844
    88     3     0.339867
    89     3     0.338905
    90     3     0.337959
    91     3     0.337028
    92     3     0.336113
    93     3     0.335216
    94     3     0.334337
    95     3     0.333478
    96     3     0.332641
    97     3     0.331828
    98     3     0.331041
    99     3     0.330284
   100     3     0.329560
   101     3     0.328873
   102     3     0.328231
   103     3     0.327641
   104     3     0.327110
   105     3     0.326652
   106     3     0.326275
   107     3     0.325993
   108     3     0.325812
   109     3     0.325733
   110     3     0.325733
     0     4     0.820000
     1     4     0.821448
     2     4     0.826241
     3     4     0.835527
     4     4     0.850876
     5     4     0.874049
     6     4     0.906675
     7     4     0.949636
     8     4     1.001953
     9     4     1.057204
    10     4     1.101706
    11     4     1.131711
    12     4     1.148672
    13     4     1.155051
    14     4     1.152961
    15     4     1.143923
    16     4     1.129134
    17     4     1.109674
    18     4     1.086582
    19     4     1.060869
    20     4     1.033479
    21     4     1.005263
    22     4     0.976952
    23     4     0.949150
    24     4     0.922336
    25     4     0.896869
    26     4     0.872995
    27     4     0.850855
    28     4     0.830501
    29     4     0.811920
    30     4     0.795053
    31     4     0.779815
    32     4     0.766098
    33     4     0.753777
    34     4     0.742710
    35     4     0.732750
    36     4     0.723758
    37     4     0.715610
    38     4     0.708202
    39     4     0.701438
    40     4     0.695232
    41     4     0.689498
    42     4     0.684163
    43     4     0.679168
    44     4     0.674469
    45     4     0.670033
    46     4     0.665829
    47     4     0.661828
    48     4     0.658003
    49     4     0.654335
    50     4     0.650811
    51     4     0.647421
    52     4     0.644154
    53     4     0.640998
    54     4     0.637941
    55     4     0.634973
    56     4     0.632090
    57     4     0.629285
    58     4     0.626552
    59     4     0.623886
    60     4     0.621278
    61     4     0.618724
    62     4     0.616220
    63     4     0.613761
    64     4     0.611348
    65     4     0.608978
    66     4     0.606649
    67     4     0.604362
    68     4     0.602114
    69     4     0.599907
    70     4     0.597739
    71     4     0.595612
    72     4     0.593527
    73     4     0.591483
    74     4     0.589479
    75     4     0.587517
    76     4     0.585593
    77     4     0.583708
    78     4     0.581860
    79     4     0.580048
    80     4     0.578271
    81     4     0.576526
    82     4     0.574812
    83     4     0.573127
    84     4     0.571469
    85     4     0.569838
    86     4     0.568233
    87     4     0.566652
    88     4     0.565095
    89     4     0.563563
    90     4     0.562055
    91     4     0.560573
    92     4     0.559116
    93     4     0.557687
    94     4     0.556287
    95     4     0.554917
    96     4     0.553580
    97     4     0.552278
    98     4     0.551014
    99     4     0.549792
   100     4     0.548616
   101     4     0.547494
   102     4     0.546431
   103     4     0.545438
   104     4     0.544526
   105     4     0.543712
   106     4     0.543013
   107     4     0.542450
   108     4     0.542049
   109     4     0.541837
   110     4     0.541837
     0     5     1.025000
     1     5     1.027110
     2     5     1.033829
     3     5     1.046344
     4     5     1.066553
     5     5     1.097004
     6     5     1.140724
     7     5     1.200656
     8     5     1.278223
     9     5     1.362934
    10     5     1.422425
    11     5     1.457847
    12     5     1.476406
    13     5     1.483261
    14     5     1.481158
    15     5     1.471542
    16     5     1.455569
    17     5     1.434370
    18     5     1.409114
    19     5     1.380971
    20     5     1.351039
    21     5     1.320284
    22     5     1.289517
    23     5     1.259385
    24     5     1.230387
    25     5     1.202880
    26     5     1.177096
    27     5     1.153158
    28     5     1.131099
    29     5     1.110893
    30     5     1.092476
    31     5     1.075756
    32     5     1.060621
    33     5     1.046938
    34     5     1.034560
    35     5     1.023335
    36     5     1.013125
    37     5     1.003806
    38     5     0.995271
    39     5     0.987424
    40     5     0.980169
    41     5     0.973416
    42     5     0.967091
    43     5     0.961132
    44     5     0.955497
    45     5     0.950148
    46     5     0.945051
    47     5     0.940173
    48     5     0.935487
    49     5     0.930974
    50     5     0.926622
    51     5     0.922417
    52     5     0.918349
    53     5     0.914403
    54     5     0.910569
    55     5     0.906838
    56     5     0.903204
    57     5     0.899661
    58     5     0.896204
    59     5     0.892824
    60     5     0.889516
    61     5     0.886273
    62     5     0.883091
    63     5     0.879968
    64     5     0.876901
    65     5     0.873889
    66     5     0.870929
    67     5     0.868020
    68     5     0.865161
    69     5     0.862350
    70     5     0.859589
    71     5     0.856876
    72     5     0.854213
    73     5     0.851599
    74     5     0.849033
    75     5     0.846513
    76     5     0.844038
    77     5     0.841608
    78     5     0.839221
    79     5     0.836876
    80     5     0.834570
    81     5     0.832302
    82     5     0.830070
    83     5     0.827873
    84     5     0.825709
    85     5     0.823577
    86     5     0.821477
    87     5     0.819407
    88     5     0.817368
    89     5     0.815360
    90     5     0.813384
    91     5     0.811441
    92     5     0.809531
    93     5     0.807657
    94     5     0.805820
    95     5     0.804021
    96     5     0.802264
    97     5     0.800551
    98     5     0.798886
    99     5     0.797272
   100     5     0.795714
   101     5     0.794219
   102     5     0.792796
   103     5     0.791454
   104     5     0.790209
   105     5     0.789078
   106     5     0.788087
   107     5     0.787266
   108     5     0.786658
   109     5     0.786319
   110     5     0.786319
     0     6     1.230000
     1     6     1.232327
     2     6     1.239700
     3     6     1.253419
     4     6     1.275781
     5     6     1.310290
     6     6     1.361933
     7     6     1.437304
     8     6     1.543925
     9     6     1.665225
    10     6     1.727286
    11     6     1.755560
    12     6     1.767758
    13     6     1.771185
    14     6     1.767124
    15     6     1.756265
    16     6     1.739225
    17     6     1.716915
    18     6     1.690492
    19     6     1.661222
    20     6     1.630300
    21     6     1.598757
    22     6     1.567421
    23     6     1.536933
    24     6     1.507761
    25     6     1.480217
    26     6     1.454482
    27     6     1.430633
    28     6     1.408668
    29     6     1.388538
    30     6     1.370163
    31     6     1.353446
    32     6     1.338268
    33     6     1.324494
    34     6     1.311977
    35     6     1.300572
    36     6     1.290145
    37     6     1.280585
    38     6     1.271789
    39     6     1.263661
    40     6     1.256108
    41     6     1.249043
    42     6     1.242395
    43     6     1.236107
    44     6     1.230138
    45     6     1.224450
    46     6     1.219009
    47     6     1.213781
    48     6     1.208741
    49     6     1.203872
    50     6     1.199162
    51     6     1.194598
    52     6     1.190169
    53     6     1.185862
    54     6     1.181666
    55     6     1.177576
    56     6     1.173587
    57     6     1.169693
    58     6     1.165889
    59     6     1.162169
    60     6     1.158526
    61     6     1.154956
    62     6     1.151455
    63     6     1.148020
    64     6     1.144650
    65     6     1.141343
    66     6     1.138096
    67     6     1.134906
    68     6     1.131773
    69     6     1.128694
    70     6     1.125669
    71     6     1.122698
    72     6     1.119779
    73     6     1.116912
    74     6     1.114094
    75     6     1.111324
    76     6     1.108600
    77     6     1.105919
    78     6     1.103282
    79     6     1.100685
    80     6     1.098128
    81     6     1.095607
    82     6     1.093121
    83     6     1.090670
    84     6     1.088251
    85     6     1.085865
    86     6     1.083511
    87     6     1.081189
    88     6     1.078899
    89     6     1.076643
    90     6     1.074421
    91     6     1.072235
    92     6     1.070086
    93     6     1.067977
    94     6     1.065910
    95     6     1.063886
    96     6     1.061909
    97     6     1.059981
    98     6     1.058106
    99     6     1.056286
   100     6     1.054528
   101     6     1.052838
   102     6     1.051223
   103     6     1.049694
   104     6     1.048266
   105     6     1.046958
   106     6     1.045797
   107     6     1.044822
   108     6     1.044086
   109     6     1.043668
   110     6     1.043668
     0     7     1.435000
     1     7     1.437067
     2     7     1.443642
     3     7     1.456031
     4     7     1.476703
     5     7     1.509807
     6     7     1.562136
     7     7     1.644736
     8     7     1.775036
     9     7     1.919288
    10     7     1.949876
    11     7     1.952424
    12     7     1.949572
    13     7     1.947864
    14     7     1.944926
    15     7     1.938112
    16     7     1.925957
    17     7     1.908437
    18     7     1.886429
    19     7     1.861278
    20     7     1.834292
    21     7     1.806560
    22     7     1.778928
    23     7     1.752040
    24     7     1.726343
    25     7     1.702113
    26     7     1.679492
    27     7     1.658527
    28     7     1.639203
    29     7     1.621468
    30     7     1.605248
    31     7     1.590457
    32     7     1.576989
    33     7     1.564724
    34     7     1.553533
    35     7     1.543294
    36     7     1.533897
    37     7     1.525249
    38     7     1.517263
    39     7     1.509857
    40     7     1.502947
    41     7     1.496458
    42     7     1.490329
    43     7     1.484513
    44     7     1.478975
    45     7     1.473681
    46     7     1.468597
    47     7     1.463696
    48     7     1.458955
    49     7     1.454361
    50     7     1.449903
    51     7     1.445572
    52     7     1.441356
    53     7     1.437246
    54     7     1.433235
    55     7     1.429318
    56     7     1.425494
    57     7     1.421760
    58     7     1.418112
    59     7     1.414544
    60     7     1.411054
    61     7     1.407637
    62     7     1.404292
    63     7     1.401017
    64     7     1.397810
    65     7     1.394669
    66     7     1.391592
    67     7     1.388575
    68     7     1.385617
    69     7     1.382715
    70     7     1.379867
    71     7     1.377073
    72     7     1.374330
    73     7     1.371634
    74     7     1.368984
    75     7     1.366377
    76     7     1.363809
    77     7     1.361279
    78     7     1.358785
    79     7     1.356324
    80     7     1.353894
    81     7     1.351493
    82     7     1.349120
    83     7     1.346773
    84     7     1.344453
    85     7     1.342158
    86     7     1.339890
    87     7     1.337649
    88     7     1.335435
    89     7     1.333252
    90     7     1.331100
    91     7     1.328982
    92     7     1.326900
    93     7     1.324857
    94     7     1.322854
    95     7     1.320896
    96     7     1.318984
    97     7     1.317121
    98     7     1.315311
    99     7     1.313557
   100     7     1.311863
   101     7     1.310235
   102     7     1.308678
   103     7     1.307202
   104     7     1.305820
   105     7     1.304549
   106     7     1.303414
   107     7     1.302451
   108     7     1.301718
   109     7     1.301297
   110     7     1.301297
     0     8     1.640000
     1     8     1.641331
     2     8     1.645624
     3     8     1.653929
     4     8     1.668328
     5     8     1.692585
     6     8     1.733582
     7     8     1.804488
     8     8     1.932941
     9     8     1.919288
    10     8     1.949876
    11     8     1.952424
    12     8     1.951855
    13     8     1.972317
    14     8     1.986903
    15     8     1.996241
    16     8     1.999215
    17     8     1.993304
    18     8     1.981068
    19     8     1.964963
    20     8     1.946674
    21     8     1.927352
    22     8     1.907791
    23     8     1.888627
    24     8     1.870273
    25     8     1.852943
    26     8     1.836731
    27     8     1.821667
    28     8     1.807739
    29     8     1.794915
    30     8     1.783150
    31     8     1.772391
    32     8     1.762566
    33     8     1.753591
    34     8     1.745375
    35     8     1.737833
    36     8     1.730893
    37     8     1.724493
    38     8     1.718573
    39     8     1.713071
    40     8     1.707924
    41     8     1.703075
    42     8     1.698480
    43     8     1.694108
    44     8     1.689931
    45     8     1.685922
    46     8     1.682055
    47     8     1.678308
    48     8     1.674666
    49     8     1.671119
    50     8     1.667663
    51     8     1.664290
    52     8     1.660993
    53     8     1.657766
    54     8     1.654607
    55     8     1.651515
    56     8     1.648494
    57     8     1.645541
    58     8     1.642657
    59     8     1.639840
    60     8     1.637087
    61     8     1.634399
    62     8     1.631775
    63     8     1.629216
    64     8     1.626720
    65     8     1.624285
    66     8     1.621909
    67     8     1.619588
    68     8     1.617321
    69     8     1.615104
    70     8     1.612934
    71     8     1.610809
    72     8     1.608726
    73     8     1.606680
    74     8     1.604668
    75     8     1.602686
    76     8     1.600731
    77     8     1.598799
    78     8     1.596888
    79     8     1.594995
    80     8     1.593119
    81     8     1.591256
    82     8     1.589407
    83     8     1.587570
    84     8     1.585745
    85     8     1.583932
    86     8     1.582133
    87     8     1.580349
    88     8     1.578583
    89     8     1.576836
    90     8     1.575112
    91     8     1.573413
    92     8     1.571742
    93     8     1.570104
    94     8     1.568500
    95     8     1.566935
    96     8     1.565410
    97     8     1.563929
    98     8     1.562495
    99     8     1.561111
   100     8     1.559779
   101     8     1.558504
   102     8     1.557289
   103     8     1.556140
   104     8     1.555067
   105     8     1.554081
   106     8     1.553199
   107     8     1.552451
   108     8     1.551879
   109     8     1.551554
   110     8     1.551554
     0     9     1.845000
     1     9     1.845228
     2     9     1.846061
     3     9     1.847992
     4     9     1.852015
     5     9     1.860006
     6     9     1.875594
     7     9     1.905447
     8     9     1.932941
     9     9     1.919288
    10     9     1.949876
    11     9     1.952424
    12     9     1.951855
    13     9     1.962588
    14     9     1.972974
    15     9     1.980149
    16     9     1.984841
    17     9     1.986836
    18     9     1.984933
    19     9     1.980019
    20     9     1.973271
    21     9     1.965570
    22     9     1.957340
    23     9     1.949193
    24     9     1.941418
    25     9     1.934043
    26     9     1.927090
    27     9     1.920576
    28     9     1.914507
    29     9     1.908887
    30     9     1.903714
    31     9     1.898980
    32     9     1.894660
    33     9     1.890720
    34     9     1.887117
    35     9     1.883815
    36     9     1.880788
    37     9     1.878009
    38     9     1.875453
    39     9     1.873085
    40     9     1.870870
    41     9     1.868775
    42     9     1.866777
    43     9     1.864862
    44     9     1.863016
    45     9     1.861223
    46     9     1.859466
    47     9     1.857734
    48     9     1.856020
    49     9     1.854322
    50     9     1.852641
    51     9     1.850976
    52     9     1.849322
    53     9     1.847682
    54     9     1.846058
    55     9     1.844456
    56     9     1.842881
    57     9     1.841337
    58     9     1.839827
    59     9     1.838352
    60     9     1.836915
    61     9     1.835517
    62     9     1.834161
    63     9     1.832849
    64     9     1.831581
    65     9     1.830356
    66     9     1.829172
    67     9     1.828027
    68     9     1.826918
    69     9     1.825842
    70     9     1.824797
    71     9     1.823779
    72     9     1.822784
    73     9     1.821807
    74     9     1.820844
    75     9     1.819892
    76     9     1.818946
    77     9     1.818004
    78     9     1.817062
    79     9     1.816117
    80     9     1.815167
    81     9     1.814212
    82     9     1.813249
    83     9     1.812279
    84     9     1.811302
    85     9     1.810318
    86     9     1.809331
    87     9     1.808342
    88     9     1.807355
    89     9     1.806371
    90     9     1.805395
    91     9     1.804431
    92     9     1.803482
    93     9     1.802553
    94     9     1.801646
    95     9     1.800766
    96     9     1.799916
    97     9     1.799098
    98     9     1.798315
    99     9     1.797570
   100     9     1.796862
   101     9     1.796196
   102     9     1.795571
   103     9     1.794991
   104     9     1.794459
   105     9     1.793977
   106     9     1.793555
   107     9     1.793204
   108     9     1.792944
   109     9     1.792809
   110     9     1.792809
     0    10     2.050000
     1    10     2.048965
     2    10     2.045816
     3    10     2.040334
     4    10     2.032098
     5    10     2.020386
     6    10     2.003912
     7    10     1.980690
     8    10     1.932941
     9    10     1.919288
    10    10     1.949876
    11    10     1.952424
    12    10     1.951855
    13    10     1.942131
    14    10     1.936440
    15    10     1.933164
    16    10     1.932226
    17    10     1.933950
    18    10     1.937975
    19    10     1.942880
    20    10     1.948028
    21    10     1.953532
    22    10     1.959244
    23    10     1.964578
    24    10     1.969379
    25    10     1.973747
    26    10     1.977736
    27    10     1.981379
    28    10     1.984707
    29    10     1.987756
    30    10     1.990568
    31    10     1.993177
    32    10     1.995607
    33    10     1.997874
    34    10     1.999987
    35    10     2.001961
    36    10     2.003813
    37    10     2.005561
    38    10     2.007213
    39    10     2.008769
    40    10     2.010224
    41    10     2.011575
    42    10     2.012827
    43    10     2.013985
    44    10     2.015052
    45    10     2.016028
    46    10     2.016911
    47    10     2.017703
    48    10     2.018409
    49    10     2.019036
    50    10     2.019591
    51    10     2.020081
    52    10     2.020509
    53    10     2.020882
    54    10     2.021209
    55    10     2.021500
    56    10     2.021765
    57    10     2.022009
    58    10     2.022241
    59    10     2.022464
    60    10     2.022683
    61    10     2.022904
    62    10     2.023130
    63    10     2.023366
    64    10     2.023613
    65    10     2.023872
    66    10     2.024141
    67    10     2.024420
    68    10     2.024706
    69    10     2.025000
    70    10     2.025297
    71    10     2.025597
    72    10     2.025894
    73    10     2.026185
    74    10     2.026466
    75    10     2.026735
    76    10     2.026987
    77    10     2.027221
    78    10     2.027433
    79    10     2.027621
    80    10     2.027784
    81    10     2.027921
    82    10     2.028031
    83    10     2.028114
    84    10     2.028172
    85    10     2.028206
    86    10     2.028218
    87    10     2.028211
    88    10     2.028188
    89    10     2.028153
    90    10     2.028109
    91    10     2.028061
    92    10     2.028013
    93    10     2.027968
    94    10     2.027931
    95    10     2.027905
    96    10     2.027894
    97    10     2.027899
    98    10     2.027923
    99    10     2.027967
   100    10     2.028030
   101    10     2.028113
   102    10     2.028214
   103    10     2.028331
   104    10     2.028462
   105    10     2.028603
   106    10     2.028749
   107    10     2.028893
   108    10     2.029026
   109    10     2.029134
   110    10     2.029134
     0    11     2.255000
     1    11     2.252779
     2    11     2.245890
     3    11     2.233437
     4    11     2.213613
     5    11     2.183127
     6    11     2.136002
     7    11     2.061536
     8    11     1.932941
     9    11     1.919288
    10    11     1.949876
    11    11     1.952424
    12    11     1.951855
    13    11     1.933044
    14    11     1.920115
    15    11     1.911606
    16    11     1.909040
    17    11     1.914744
    18    11     1.926084
    19    11     1.940776
    20    11     1.957276
    21    11     1.974392
    22    11     1.991491
    23    11     2.008044
    24    11     2.023732
    25    11     2.038429
    26    11     2.052095
    27    11     2.064737
    28    11     2.076391
    29    11     2.087120
    30    11     2.096993
    31    11     2.106085
    32    11     2.114459
    33    11     2.122174
    34    11     2.129286
    35    11     2.135855
    36    11     2.141941
    37    11     2.147595
    38    11     2.152863
    39    11     2.157774
    40    11     2.162358
    41    11     2.166639
    42    11     2.170648
    43    11     2.174409
    44    11     2.177945
    45    11     2.181272
    46    11     2.184404
    47    11     2.187354
    48    11     2.190141
    49    11     2.192779
    50    11     2.195282
    51    11     2.197662
    52    11     2.199929
    53    11     2.202093
    54    11     2.204167
    55    11     2.206163
    56    11     2.208091
    57    11     2.209961
    58    11     2.211777
    59    11     2.213548
    60    11     2.215279
    61    11     2.216974
    62    11     2.218640
    63    11     2.220280
    64    11     2.221897
    65    11     2.223492
    66    11     2.225065
    67    11     2.226618
    68    11     2.228149
    69    11     2.229659
    70    11     2.231147
    71    11     2.232611
    72    11     2.234050
    73    11     2.235461
    74    11     2.236843
    75    11     2.238193
    76    11     2.239509
    77    11     2.240790
    78    11     2.242035
    79    11     2.243242
    80    11     2.244411
    81    11     2.245540
    82    11     2.246631
    83    11     2.247683
    84    11     2.248699
    85    11     2.249679
    86    11     2.250626
    87    11     2.251543
    88    11     2.252432
    89    11     2.253298
    90    11     2.254143
    91    11     2.254972
    92    11     2.255787
    93    11     2.256593
    94    11     2.257393
    95    11     2.258189
    96    11     2.258984
    97    11     2.259778
    98    11     2.260573
    99    11     2.261368
   100    11     2.262162
   101    11     2.262952
   102    11     2.263734
   103    11     2.264502
   104    11     2.265248
   105    11     2.265960
   106    11     2.266623
   107    11     2.267213
   108    11     2.267694
   109    11     2.268009
   110    11     2.268009
     0    12     2.460000
     1    12     2.456927
     2    12     2.447365
     3    12     2.430007
     4    12     2.402272
     5    12     2.359564
     6    12     2.293626
     7    12     2.188713
     8    12     1.932941
     9    12     1.919288
    10    12     1.949876
    11    12     1.952424
    12    12     1.951855
    13    12     1.948583
    14    12     1.948732
    15    12     1.952662
    16    12     1.962197
    17    12     1.977363
    18    12     1.997181
    19    12     2.020238
    20    12     2.045160
    21    12     2.070784
    22    12     2.096259
    23    12     2.120976
    24    12     2.144534
    25    12     2.166707
    26    12     2.187389
    27    12     2.206554
    28    12     2.224233
    29    12     2.240493
    30    12     2.255424
    31    12     2.269125
    32    12     2.281688
    33    12     2.293207
    34    12     2.303774
    35    12     2.313484
    36    12     2.322428
    37    12     2.330689
    38    12     2.338339
    39    12     2.345438
    40    12     2.352040
    41    12     2.358194
    42    12     2.363951
    43    12     2.369354
    44    12     2.374442
    45    12     2.379243
    46    12     2.383786
    47    12     2.388095
    48    12     2.392196
    49    12     2.396112
    50    12     2.399860
    51    12     2.403457
    52    12     2.406917
    53    12     2.410252
    54    12     2.413475
    55    12     2.416600
    56    12     2.419637
    57    12     2.422592
    58    12     2.425473
    59    12     2.428286
    60    12     2.431034
    61    12     2.433723
    62    12     2.436359
    63    12     2.438944
    64    12     2.441482
    65    12     2.443973
    66    12     2.446419
    67    12     2.448822
    68    12     2.451183
    69    12     2.453503
    70    12     2.455782
    71    12     2.458022
    72    12     2.460222
    73    12     2.462381
    74    12     2.464499
    75    12     2.466576
    76    12     2.468611
    77    12     2.470604
    78    12     2.472556
    79    12     2.474464
    80    12     2.476330
    81    12     2.478153
    82    12     2.479934
    83    12     2.481673
    84    12     2.483373
    85    12     2.485033
    86    12     2.486656
    87    12     2.488244
    88    12     2.489799
    89    12     2.491324
    90    12     2.492823
    91    12     2.494297
    92    12     2.495749
    93    12     2.497183
    94    12     2.498599
    95    12     2.500000
    96    12     2.501386
    97    12     2.502758
    98    12     2.504115
    99    12     2.505456
   100    12     2.506777
   101    12     2.508073
   102    12     2.509338
   103    12     2.510562
   104    12     2.511734
   105    12     2.512835
   106    12     2.513840
   107    12     2.514716
   108    12     2.515409
   109    12     2.515840
   110    12     2.515840
     0    13     2.665000
     1    13     2.661565
     2    13     2.650875
     3    13     2.631564
     4    13     2.601090
     5    13     2.555299
     6    13     2.487701
     7    13     2.388518
     8    13     2.172559
     9    13     2.125260
    10    13     2.118258
    11    13     2.100612
    12    13     2.091266
    13    13     2.086341
    14    13     2.090703
    15    13     2.101213
    16    13     2.117528
    17    13     2.138896
    18    13     2.164246
    19    13     2.192357
    20    13     2.222051
    21    13     2.252304
    22    13     2.282301
    23    13     2.311437
    24    13     2.339288
    25    13     2.365586
    26    13     2.390181
    27    13     2.413018
    28    13     2.434107
    29    13     2.453505
    30    13     2.471299
    31    13     2.487593
    32    13     2.502492
    33    13     2.516107
    34    13     2.528550
    35    13     2.539935
    36    13     2.550373
    37    13     2.559965
    38    13     2.568802
    39    13     2.576964
    40    13     2.584522
    41    13     2.591543
    42    13     2.598090
    43    13     2.604221
    44    13     2.609984
    45    13     2.615418
    46    13     2.620561
    47    13     2.625446
    48    13     2.630105
    49    13     2.634562
    50    13     2.638842
    51    13     2.642962
    52    13     2.646938
    53    13     2.650785
    54    13     2.654516
    55    13     2.658143
    56    13     2.661675
    57    13     2.665118
    58    13     2.668479
    59    13     2.671762
    60    13     2.674970
    61    13     2.678108
    62    13     2.681180
    63    13     2.684188
    64    13     2.687135
    65    13     2.690023
    66    13     2.692853
    67    13     2.695627
    68    13     2.698349
    69    13     2.701019
    70    13     2.703640
    71    13     2.706214
    72    13     2.708741
    73    13     2.711223
    74    13     2.713662
    75    13     2.716057
    76    13     2.718410
    77    13     2.720722
    78    13     2.722993
    79    13     2.725223
    80    13     2.727412
    81    13     2.729562
    82    13     2.731672
    83    13     2.733742
    84    13     2.735775
    85    13     2.737769
    86    13     2.739728
    87    13     2.741653
    88    13     2.743543
    89    13     2.745403
    90    13     2.747234
    91    13     2.749037
    92    13     2.750813
    93    13     2.752565
    94    13     2.754294
    95    13     2.756000
    96    13     2.757683
    97    13     2.759342
    98    13     2.760977
    99    13     2.762582
   100    13     2.764155
   101    13     2.765689
   102    13     2.767175
   103    13     2.768602
   104    13     2.769955
   105    13     2.771211
   106    13     2.772346
   107    13     2.773316
   108    13     2.774068
   109    13     2.774519
   110    13     2.774519
     0    14     2.870000
     1    14     2.866706
     2    14     2.856455
     3    14     2.838055
     4    14     2.809472
     5    14     2.767794
     6    14     2.709348
     7    14     2.630491
     8    14     2.462155
     9    14     2.416727
    10    14     2.399073
    11    14     2.372324
    12    14     2.356535
    13    14     2.347985
    14    14     2.350384
    15    14     2.359904
    16    14     2.375592
    17    14     2.396417
    18    14     2.421252
    19    14     2.448943
    20    14     2.478395
    21    14     2.508644
    22    14     2.538890
    23    14     2.568510
    24    14     2.597037
    25    14     2.624151
    26    14     2.649647
    27    14     2.673419
    28    14     2.695434
    29    14     2.715718
    30    14     2.734334
    31    14     2.751367
    32    14     2.766918
    33    14     2.781095
    34    14     2.794015
    35    14     2.805796
    36    14     2.816554
    37    14     2.826397
    38    14     2.835423
    39    14     2.843722
    40    14     2.851374
    41    14     2.858455
    42    14     2.865034
    43    14     2.871173
    44    14     2.876926
    45    14     2.882340
    46    14     2.887456
    47    14     2.892310
    48    14     2.896937
    49    14     2.901364
    50    14     2.905616
    51    14     2.909712
    52    14     2.913668
    53    14     2.917500
    54    14     2.921219
    55    14     2.924837
    56    14     2.928362
    57    14     2.931800
    58    14     2.935155
    59    14     2.938431
    60    14     2.941629
    61    14     2.944755
    62    14     2.947810
    63    14     2.950798
    64    14     2.953720
    65    14     2.956577
    66    14     2.959373
    67    14     2.962109
    68    14     2.964788
    69    14     2.967414
    70    14     2.969989
    71    14     2.972516
    72    14     2.974996
    73    14     2.977432
    74    14     2.979827
    75    14     2.982182
    76    14     2.984499
    77    14     2.986778
    78    14     2.989021
    79    14     2.991229
    80    14     2.993402
    81    14     2.995539
    82    14     2.997643
    83    14     2.999713
    84    14     3.001749
    85    14     3.003752
    86    14     3.005722
    87    14     3.007661
    88    14     3.009568
    89    14     3.011445
    90    14     3.013295
    91    14     3.015116
    92    14     3.016909
    93    14     3.018677
    94    14     3.020419
    95    14     3.022136
    96    14     3.023825
    97    14     3.025487
    98    14     3.027118
    99    14     3.028715
   100    14     3.030272
   101    14     3.031784
   102    14     3.033239
   103    14     3.034626
   104    14     3.035931
   105    14     3.037131
   106    14     3.038199
   107    14     3.039099
   108    14     3.039782
   109    14     3.040179
   110    14     3.040179
     0    15     3.075000
     1    15     3.072276
     2    15     3.063760
     3    15     3.048465
     4    15     3.024911
     5    15     2.991332
     6    15     2.946105
     7    15     2.888740
     8    15     2.755532
     9    15     2.727105
    10    15     2.714740
    11    15     2.688865
    12    15     2.672556
    13    15     2.663351
    14    15     2.664997
    15    15     2.673453
    16    15     2.687665
    17    15     2.706624
    18    15     2.729317
    19    15     2.754743
    20    15     2.781958
    21    15     2.810110
    22    15     2.838468
    23    15     2.866434
    24    15     2.893541
    25    15     2.919444
    26    15     2.943906
    27    15     2.966785
    28    15     2.988014
    29    15     3.007586
    30    15     3.025541
    31    15     3.041945
    32    15     3.056887
    33    15     3.070469
    34    15     3.082802
    35    15     3.094002
    36    15     3.104182
    37    15     3.113450
    38    15     3.121906
    39    15     3.129641
    40    15     3.136739
    41    15     3.143274
    42    15     3.149318
    43    15     3.154933
    44    15     3.160174
    45    15     3.165090
    46    15     3.169720
    47    15     3.174103
    48    15     3.178272
    49    15     3.182254
    50    15     3.186072
    51    15     3.189747
    52    15     3.193292
    53    15     3.196723
    54    15     3.200051
    55    15     3.203285
    56    15     3.206433
    57    15     3.209499
    58    15     3.212486
    59    15     3.215398
    60    15     3.218235
    61    15     3.221003
    62    15     3.223702
    63    15     3.226335
    64    15     3.228903
    65    15     3.231409
    66    15     3.233854
    67    15     3.236242
    68    15     3.238575
    69    15     3.240859
    70    15     3.243093
    71    15     3.245285
    72    15     3.247434
    73    15     3.249544
    74    15     3.251618
    75    15     3.253658
    76    15     3.255666
    77    15     3.257643
    78    15     3.259590
    79    15     3.261509
    80    15     3.263400
    81    15     3.265262
    82    15     3.267096
    83    15     3.268902
    84    15     3.270681
    85    15     3.272431
    86    15     3.274154
    87    15     3.275849
    88    15     3.277516
    89    15     3.279157
    90    15     3.280773
    91    15     3.282362
    92    15     3.283926
    93    15     3.285465
    94    15     3.286980
    95    15     3.288469
    96    15     3.289932
    97    15     3.291367
    98    15     3.292771
    99    15     3.294142
   100    15     3.295473
   101    15     3.296757
   102    15     3.297987
   103    15     3.299150
   104    15     3.300234
   105    15     3.301217
   106    15     3.302079
   107    15     3.302791
   108    15     3.303318
   109    15     3.303615
   110    15     3.303615
     0    16     3.280000
     1    16     3.278204
     2    16     3.272418
     3    16     3.261713
     4    16     3.244944
     5    16     3.221048
     6    16     3.189462
     7    16     3.150795
     8    16     3.042193
     9    16     3.032402
    10    16     3.031510
    11    16     3.012253
    12    16     2.999660
    13    16     2.992473
    14    16     2.995023
    15    16     3.003466
    16    16     3.016874
    17    16     3.034367
    18    16     3.055086
    19    16     3.078191
    20    16     3.102886
    21    16     3.128443
    22    16     3.154222
    23    16     3.179682
    24    16     3.204387
    25    16     3.228009
    26    16     3.250310
    27    16     3.271145
    28    16     3.290437
    29    16     3.308169
    30    16     3.324372
    31    16     3.339104
    32    16     3.352452
    33    16     3.364512
    34    16     3.375393
    35    16     3.385206
    36    16     3.394063
    37    16     3.402065
    38    16     3.409312
    39    16     3.415893
    40    16     3.421887
    41    16     3.427367
    42    16     3.432400
    43    16     3.437046
    44    16     3.441355
    45    16     3.445374
    46    16     3.449141
    47    16     3.452690
    48    16     3.456051
    49    16     3.459250
    50    16     3.462307
    51    16     3.465241
    52    16     3.468063
    53    16     3.470788
    54    16     3.473423
    55    16     3.475978
    56    16     3.478459
    57    16     3.480868
    58    16     3.483209
    59    16     3.485484
    60    16     3.487694
    61    16     3.489842
    62    16     3.491930
    63    16     3.493960
    64    16     3.495933
    65    16     3.497851
    66    16     3.499718
    67    16     3.501535
    68    16     3.503306
    69    16     3.505034
    70    16     3.506723
    71    16     3.508377
    72    16     3.509997
    73    16     3.511586
    74    16     3.513148
    75    16     3.514683
    76    16     3.516196
    77    16     3.517685
    78    16     3.519154
    79    16     3.520601
    80    16     3.522028
    81    16     3.523435
    82    16     3.524821
    83    16     3.526185
    84    16     3.527529
    85    16     3.528851
    86    16     3.530151
    87    16     3.531430
    88    16     3.532686
    89    16     3.533921
    90    16     3.535136
    91    16     3.536329
    92    16     3.537500
    93    16     3.538651
    94    16     3.539782
    95    16     3.540891
    96    16     3.541978
    97    16     3.543042
    98    16     3.544079
    99    16     3.545088
   100    16     3.546062
   101    16     3.546998
   102    16     3.547886
   103    16     3.548718
   104    16     3.549482
   105    16     3.550163
   106    16     3.550746
   107    16     3.551211
   108    16     3.551542
   109    16     3.551718
   110    16     3.551718
     0    17     3.485000
     1    17     3.484533
     2    17     3.482379
     3    17     3.477328
     4    17     3.468247
     5    17     3.454346
     6    17     3.435440
     7    17     3.412300
     8    17     3.321599
     9    17     3.327765
    10    17     3.339054
    11    17     3.328392
    12    17     3.321576
    13    17     3.318072
    14    17     3.322730
    15    17     3.332025
    16    17     3.345227
    17    17     3.361617
    18    17     3.380492
    19    17     3.401166
    20    17     3.422988
    21    17     3.445363
    22    17     3.467757
    23    17     3.489723
    24    17     3.510896
    25    17     3.531002
    26    17     3.549846
    27    17     3.567313
    28    17     3.583347
    29    17     3.597947
    30    17     3.611151
    31    17     3.623029
    32    17     3.633666
    33    17     3.643162
    34    17     3.651625
    35    17     3.659159
    36    17     3.665870
    37    17     3.671853
    38    17     3.677200
    39    17     3.681993
    40    17     3.686302
    41    17     3.690192
    42    17     3.693721
    43    17     3.696940
    44    17     3.699895
    45    17     3.702624
    46    17     3.705160
    47    17     3.707528
    48    17     3.709756
    49    17     3.711863
    50    17     3.713866
    51    17     3.715779
    52    17     3.717612
    53    17     3.719374
    54    17     3.721073
    55    17     3.722715
    56    17     3.724306
    57    17     3.725845
    58    17     3.727336
    59    17     3.728781
    60    17     3.730178
    61    17     3.731533
    62    17     3.732844
    63    17     3.734115
    64    17     3.735346
    65    17     3.736539
    66    17     3.737695
    67    17     3.738818
    68    17     3.739910
    69    17     3.740974
    70    17     3.742012
    71    17     3.743028
    72    17     3.744024
    73    17     3.745000
    74    17     3.745960
    75    17     3.746906
    76    17     3.747839
    77    17     3.748759
    78    17     3.749667
    79    17     3.750564
    80    17     3.751449
    81    17     3.752322
    82    17     3.753183
    83    17     3.754031
    84    17     3.754866
    85    17     3.755687
    86    17     3.756495
    87    17     3.757288
    88    17     3.758066
    89    17     3.758830
    90    17     3.759581
    91    17     3.760317
    92    17     3.761038
    93    17     3.761746
    94    17     3.762439
    95    17     3.763119
    96    17     3.763783
    97    17     3.764431
    98    17     3.765061
    99    17     3.765670
   100    17     3.766256
   101    17     3.766813
   102    17     3.767335
   103    17     3.767817
   104    17     3.768249
   105    17     3.768621
   106    17     3.768924
   107    17     3.769148
   108    17     3.769289
   109    17     3.769351
   110    17     3.769351
     0    18     3.690000
     1    18     3.691656
     2    18     3.694267
     3    18     3.695760
     4    18     3.694762
     5    18     3.690510
     6    18     3.682891
     7    18     3.672550
     8    18     3.595537
     9    18     3.614540
    10    18     3.636587
    11    18     3.634253
    12    18     3.633398
    13    18     3.633689
    14    18     3.640294
    15    18     3.649949
    16    18     3.662134
    17    18     3.676320
    18    18     3.691990
    19    18     3.708644
    20    18     3.725815
    21    18     3.743076
    22    18     3.760053
    23    18     3.776432
    24    18     3.791965
    25    18     3.806475
    26    18     3.819843
    27    18     3.832013
    28    18     3.842971
    29    18     3.852745
    30    18     3.861392
    31    18     3.868988
    32    18     3.875624
    33    18     3.881395
    34    18     3.886399
    35    18     3.890728
    36    18     3.894473
    37    18     3.897712
    38    18     3.900522
    39    18     3.902968
    40    18     3.905103
    41    18     3.906976
    42    18     3.908629
    43    18     3.910100
    44    18     3.911421
    45    18     3.912618
    46    18     3.913712
    47    18     3.914720
    48    18     3.915660
    49    18     3.916542
    50    18     3.917378
    51    18     3.918175
    52    18     3.918939
    53    18     3.919675
    54    18     3.920386
    55    18     3.921076
    56    18     3.921747
    57    18     3.922398
    58    18     3.923031
    59    18     3.923646
    60    18     3.924241
    61    18     3.924819
    62    18     3.925380
    63    18     3.925923
    64    18     3.926450
    65    18     3.926961
    66    18     3.927457
    67    18     3.927939
    68    18     3.928408
    69    18     3.928866
    70    18     3.929315
    71    18     3.929755
    72    18     3.930189
    73    18     3.930616
    74    18     3.931038
    75    18     3.931456
    76    18     3.931870
    77    18     3.932280
    78    18     3.932688
    79    18     3.933092
    80    18     3.933492
    81    18     3.933888
    82    18     3.934280
    83    18     3.934667
    84    18     3.935049
    85    18     3.935424
    86    18     3.935793
    87    18     3.936156
    88    18     3.936511
    89    18     3.936861
    90    18     3.937203
    91    18     3.937540
    92    18     3.937868
    93    18     3.938190
    94    18     3.938505
    95    18     3.938813
    96    18     3.939114
    97    18     3.939406
    98    18     3.939689
    99    18     3.939960
   100    18     3.940218
   101    18     3.940460
   102    18     3.940681
   103    18     3.940878
   104    18     3.941046
   105    18     3.941178
   106    18     3.941269
   107    18     3.941316
   108    18     3.941323
   109    18     3.941305
   110    18     3.941305
     0    19     3.895000
     1    19     3.900381
     2    19     3.907987
     3    19     3.914961
     4    19     3.920235
     5    19     3.923444
     6    19     3.924565
     7    19     3.923823
     8    19     3.856697
     9    19     3.884967
    10    19     3.914796
    11    19     3.917990
    12    19     3.920233
    13    19     3.921361
    14    19     3.926767
    15    19     3.933440
    16    19     3.941122
    17    19     3.949543
    18    19     3.958438
    19    19     3.967558
    20    19     3.976670
    21    19     3.985567
    22    19     3.994068
    23    19     4.002028
    24    19     4.009339
    25    19     4.015933
    26    19     4.021776
    27    19     4.026868
    28    19     4.031232
    29    19     4.034912
    30    19     4.037965
    31    19     4.040461
    32    19     4.042470
    33    19     4.044066
    34    19     4.045314
    35    19     4.046277
    36    19     4.047009
    37    19     4.047559
    38    19     4.047969
    39    19     4.048273
    40    19     4.048496
    41    19     4.048659
    42    19     4.048778
    43    19     4.048868
    44    19     4.048941
    45    19     4.049004
    46    19     4.049062
    47    19     4.049118
    48    19     4.049177
    49    19     4.049240
    50    19     4.049307
    51    19     4.049382
    52    19     4.049461
    53    19     4.049545
    54    19     4.049635
    55    19     4.049729
    56    19     4.049829
    57    19     4.049932
    58    19     4.050036
    59    19     4.050142
    60    19     4.050248
    61    19     4.050353
    62    19     4.050458
    63    19     4.050563
    64    19     4.050666
    65    19     4.050766
    66    19     4.050865
    67    19     4.050962
    68    19     4.051058
    69    19     4.051153
    70    19     4.051246
    71    19     4.051339
    72    19     4.051432
    73    19     4.051524
    74    19     4.051616
    75    19     4.051708
    76    19     4.051800
    77    19     4.051893
    78    19     4.051986
    79    19     4.052079
    80    19     4.052173
    81    19     4.052266
    82    19     4.052360
    83    19     4.052452
    84    19     4.052544
    85    19     4.052634
    86    19     4.052723
    87    19     4.052812
    88    19     4.052897
    89    19     4.052982
    90    19     4.053066
    91    19     4.053147
    92    19     4.053226
    93    19     4.053304
    94    19     4.053380
    95    19     4.053454
    96    19     4.053525
    97    19     4.053594
    98    19     4.053660
    99    19     4.053721
   100    19     4.053779
   101    19     4.053830
   102    19     4.053873
   103    19     4.053906
   104    19     4.053930
   105    19     4.053936
   106    19     4.053921
   107    19     4.053887
   108    19     4.053844
   109    19     4.053809
   110    19     4.053809
     0    20     4.099999
     1    20     4.099999
     2    20     4.099998
     3    20     4.099998
     4    20     4.100000
     5    20     4.100005
     6    20     4.100006
     7    20     4.100004
     8    20     4.034684
     9    20     4.064716
    10    20     4.095302
    11    20     4.097849
    12    20     4.097824
    13    20     4.095041
    14    20     4.095041
    15    20     4.095043
    16    20     4.095046
    17    20     4.095046
    18    20     4.095044
    19    20     4.095041
    20    20     4.095040
    21    20     4.095041
    22    20     4.095044
    23    20     4.095045
    24    20     4.095044
    25    20     4.095042
    26    20     4.095040
    27    20     4.095041
    28    20     4.095042
    29    20     4.095043
    30    20     4.095042
    31    20     4.095042
    32    20     4.095041
    33    20     4.095042
    34    20     4.095043
    35    20     4.095042
    36    20     4.095042
    37    20     4.095040
    38    20     4.095040
    39    20     4.095042
    40    20     4.095044
    41    20     4.095045
    42    20     4.095044
    43    20     4.095042
    44    20     4.095041
    45    20     4.095041
    46    20     4.095042
    47    20     4.095042
    48    20     4.095043
    49    20     4.095043
    50    20     4.095043
    51    20     4.095044
    52    20     4.095044
    53    20     4.095043
    54    20     4.095042
    55    20     4.095041
    56    20     4.095042
    57    20     4.095042
    58    20     4.095042
    59    20     4.095043
    60    20     4.095042
    61    20     4.095041
    62    20     4.095041
    63    20     4.095041
    64    20     4.095042
    65    20     4.095042
    66    20     4.095041
    67    20     4.095042
    68    20     4.095042
    69    20     4.095042
    70    20     4.095042
    71    20     4.095043
    72    20     4.095043
    73    20     4.095043
    74    20     4.095043
    75    20     4.095043
    76    20     4.095043
    77    20     4.095043
    78    20     4.095043
    79    20     4.095043
    80    20     4.095044
    81    20     4.095043
    82    20     4.095044
    83    20     4.095044
    84    20     4.095044
    85    20     4.095044
    86    20     4.095044
    87    20     4.095044
    88    20     4.095043
    89    20     4.095043
    90    20     4.095044
    91    20     4.095045
    92    20     4.095044
    93    20     4.095044
    94    20     4.095044
    95    20     4.095045
    96    20     4.095045
    97    20     4.095045
    98    20     4.095045
    99    20     4.095045
   100    20     4.095046
   101    20     4.095046
   102    20     4.095045
   103    20     4.095045
   104    20     4.095046
   105    20     4.095046
   106    20     4.095046
   107    20     4.095047
   108    20     4.095047
   109    20     4.095047
   110    20     4.095047
