     0     0     0.000000
     1     0     0.000000
     2     0     0.000000
     3     0     0.000000
     4     0     0.000000
     5     0     0.000000
     6     0     0.000000
     7     0     0.000000
     8     0     0.000000
     9     0     0.000000
    10     0     0.000000
    11     0     0.000000
    12     0     0.000000
    13     0     0.000000
    14     0     0.000000
    15     0     0.000000
    16     0     0.000000
    17     0     0.000000
    18     0     0.000000
    19     0     0.000000
    20     0     0.000000
    21     0     0.000000
    22     0     0.000000
    23     0     0.000000
    24     0     0.000000
    25     0     0.000000
    26     0     0.000000
    27     0     0.000000
    28     0     0.000000
    29     0     0.000000
    30     0     0.000000
    31     0     0.000000
    32     0     0.000000
    33     0     0.000000
    34     0     0.000000
    35     0     0.000000
    36     0     0.000000
    37     0     0.000000
    38     0     0.000000
    39     0     0.000000
    40     0     0.000000
    41     0     0.000000
    42     0     0.000000
    43     0     0.000000
    44     0     0.000000
    45     0     0.000000
    46     0     0.000000
    47     0     0.000000
    48     0     0.000000
    49     0     0.000000
    50     0     0.000000
     0     1     0.000000
     1     1     0.000001
     2     1     0.000002
     3     1     0.000002
     4     1     0.000000
     5     1    -0.000004
     6     1    -0.000009
     7     1    -0.000015
     8     1    -0.000022
     9     1    -0.000030
    10     1    -0.000038
    11     1    -0.000047
    12     1    -0.000056
    13     1    -0.000065
    14     1    -0.000074
    15     1    -0.000083
    16     1    -0.000091
    17     1    -0.000100
    18     1    -0.000107
    19     1    -0.000115
    20     1    -0.000121
    21     1    -0.000127
    22     1    -0.000131
    23     1    -0.000135
    24     1    -0.000138
    25     1    -0.000139
    26     1    -0.000139
    27     1    -0.000138
    28     1    -0.000135
    29     1    -0.000131
    30     1    -0.000126
    31     1    -0.000119
    32     1    -0.000111
    33     1    -0.000102
    34     1    -0.000092
    35     1    -0.000082
    36     1    -0.000071
    37     1    -0.000060
    38     1    -0.000049
    39     1    -0.000038
    40     1    -0.000028
    41     1    -0.000019
    42     1    -0.000012
    43     1    -0.000005
    44     1     0.000000
    45     1     0.000003
    46     1     0.000004
    47     1     0.000004
    48     1     0.000003
    49     1     0.000001
    50     1     0.000000
     0     2     0.000000
     1     2     0.000002
     2     2     0.000003
     3     2    -0.000001
     4     2    -0.000010
     5     2    -0.000024
     6     2    -0.000043
     7     2    -0.000067
     8     2    -0.000093
     9     2    -0.000123
    10     2    -0.000155
    11     2    -0.000187
    12     2    -0.000221
    13     2    -0.000255
    14     2    -0.000289
    15     2    -0.000323
    16     2    -0.000355
    17     2    -0.000386
    18     2    -0.000415
    19     2    -0.000441
    20     2    -0.000465
    21     2    -0.000486
    22     2    -0.000503
    23     2    -0.000516
    24     2    -0.000525
    25     2    -0.000530
    26     2    -0.000530
    27     2    -0.000525
    28     2    -0.000515
    29     2    -0.000500
    30     2    -0.000480
    31     2    -0.000455
    32     2    -0.000426
    33     2    -0.000393
    34     2    -0.000357
    35     2    -0.000318
    36     2    -0.000278
    37     2    -0.000237
    38     2    -0.000197
    39     2    -0.000158
    40     2    -0.000121
    41     2    -0.000087
    42     2    -0.000058
    43     2    -0.000034
    44     2    -0.000015
    45     2    -0.000001
    46     2     0.000006
    47     2     0.000009
    48     2     0.000007
    49     2     0.000003
    50     2     0.000000
     0     3     0.000000
     1     3     0.000002
     2     3    -0.000001
     3     3    -0.000013
     4     3    -0.000035
     5     3    -0.000068
     6     3    -0.000111
     7     3    -0.000162
     8     3    -0.000220
     9     3    -0.000283
    10     3    -0.000351
    11     3    -0.000422
    12     3    -0.000495
    13     3    -0.000568
    14     3    -0.000641
    15     3    -0.000712
    16     3    -0.000781
    17     3    -0.000847
    18     3    -0.000908
    19     3    -0.000965
    20     3    -0.001015
    21     3    -0.001059
    22     3    -0.001096
    23     3    -0.001124
    24     3    -0.001142
    25     3    -0.001152
    26     3    -0.001151
    27     3    -0.001140
    28     3    -0.001118
    29     3    -0.001086
    30     3    -0.001043
    31     3    -0.000991
    32     3    -0.000929
    33     3    -0.000860
    34     3    -0.000783
    35     3    -0.000702
    36     3    -0.000617
    37     3    -0.000531
    38     3    -0.000445
    39     3    -0.000361
    40     3    -0.000283
    41     3    -0.000211
    42     3    -0.000147
    43     3    -0.000094
    44     3    -0.000051
    45     3    -0.000020
    46     3     0.000000
    47     3     0.000009
    48     3     0.000009
    49     3     0.000004
    50     3     0.000000
     0     4     0.000000
     1     4     0.000000
     2     4    -0.000011
     3     4    -0.000036
     4     4    -0.000078
     5     4    -0.000138
     6     4    -0.000213
     7     4    -0.000302
     8     4    -0.000402
     9     4    -0.000512
    10     4    -0.000628
    11     4    -0.000750
    12     4    -0.000874
    13     4    -0.000999
    14     4    -0.001123
    15     4    -0.001245
    16     4    -0.001362
    17     4    -0.001474
    18     4    -0.001578
    19     4    -0.001674
    20     4    -0.001759
    21     4    -0.001833
    22     4    -0.001894
    23     4    -0.001941
    24     4    -0.001973
    25     4    -0.001988
    26     4    -0.001986
    27     4    -0.001967
    28     4    -0.001930
    29     4    -0.001875
    30     4    -0.001803
    31     4    -0.001714
    32     4    -0.001610
    33     4    -0.001493
    34     4    -0.001364
    35     4    -0.001227
    36     4    -0.001084
    37     4    -0.000938
    38     4    -0.000793
    39     4    -0.000651
    40     4    -0.000517
    41     4    -0.000394
    42     4    -0.000285
    43     4    -0.000191
    44     4    -0.000115
    45     4    -0.000058
    46     4    -0.000020
    47     4     0.000001
    48     4     0.000008
    49     4     0.000005
    50     4     0.000000
     0     5     0.000000
     1     5    -0.000004
     2     5    -0.000026
     3     5    -0.000071
     4     5    -0.000141
     5     5    -0.000235
     6     5    -0.000352
     7     5    -0.000489
     8     5    -0.000643
     9     5    -0.000809
    10     5    -0.000986
    11     5    -0.001169
    12     5    -0.001356
    13     5    -0.001545
    14     5    -0.001731
    15     5    -0.001914
    16     5    -0.002090
    17     5    -0.002258
    18     5    -0.002414
    19     5    -0.002557
    20     5    -0.002685
    21     5    -0.002796
    22     5    -0.002886
    23     5    -0.002956
    24     5    -0.003003
    25     5    -0.003025
    26     5    -0.003022
    27     5    -0.002993
    28     5    -0.002937
    29     5    -0.002855
    30     5    -0.002748
    31     5    -0.002616
    32     5    -0.002461
    33     5    -0.002286
    34     5    -0.002095
    35     5    -0.001890
    36     5    -0.001677
    37     5    -0.001458
    38     5    -0.001241
    39     5    -0.001029
    40     5    -0.000827
    41     5    -0.000640
    42     5    -0.000473
    43     5    -0.000329
    44     5    -0.000210
    45     5    -0.000119
    46     5    -0.000054
    47     5    -0.000015
    48     5     0.000002
    49     5     0.000004
    50     5     0.000000
     0     6     0.000000
     1     6    -0.000009
     2     6    -0.000047
     3     6    -0.000118
     4     6    -0.000223
     5     6    -0.000361
     6     6    -0.000529
     7     6    -0.000724
     8     6    -0.000940
     9     6    -0.001174
    10     6    -0.001422
    11     6    -0.001678
    12     6    -0.001939
    13     6    -0.002202
    14     6    -0.002462
    15     6    -0.002716
    16     6    -0.002960
    17     6    -0.003193
    18     6    -0.003410
    19     6    -0.003608
    20     6    -0.003784
    21     6    -0.003937
    22     6    -0.004062
    23     6    -0.004158
    24     6    -0.004223
    25     6    -0.004253
    26     6    -0.004249
    27     6    -0.004209
    28     6    -0.004132
    29     6    -0.004019
    30     6    -0.003871
    31     6    -0.003689
    32     6    -0.003477
    33     6    -0.003236
    34     6    -0.002972
    35     6    -0.002690
    36     6    -0.002394
    37     6    -0.002093
    38     6    -0.001791
    39     6    -0.001495
    40     6    -0.001214
    41     6    -0.000952
    42     6    -0.000715
    43     6    -0.000510
    44     6    -0.000338
    45     6    -0.000203
    46     6    -0.000105
    47     6    -0.000041
    48     6    -0.000008
    49     6     0.000002
    50     6     0.000000
     0     7     0.000000
     1     7    -0.000016
     2     7    -0.000074
     3     7    -0.000177
     4     7    -0.000324
     5     7    -0.000514
     6     7    -0.000743
     7     7    -0.001005
     8     7    -0.001294
     9     7    -0.001606
    10     7    -0.001935
    11     7    -0.002274
    12     7    -0.002620
    13     7    -0.002966
    14     7    -0.003309
    15     7    -0.003644
    16     7    -0.003966
    17     7    -0.004272
    18     7    -0.004557
    19     7    -0.004818
    20     7    -0.005050
    21     7    -0.005250
    22     7    -0.005414
    23     7    -0.005540
    24     7    -0.005625
    25     7    -0.005666
    26     7    -0.005661
    27     7    -0.005609
    28     7    -0.005509
    29     7    -0.005362
    30     7    -0.005169
    31     7    -0.004932
    32     7    -0.004654
    33     7    -0.004340
    34     7    -0.003995
    35     7    -0.003626
    36     7    -0.003238
    37     7    -0.002841
    38     7    -0.002444
    39     7    -0.002053
    40     7    -0.001679
    41     7    -0.001330
    42     7    -0.001013
    43     7    -0.000735
    44     7    -0.000500
    45     7    -0.000312
    46     7    -0.000172
    47     7    -0.000077
    48     7    -0.000023
    49     7    -0.000002
    50     7     0.000000
     0     8     0.000000
     1     8    -0.000025
     2     8    -0.000107
     3     8    -0.000247
     4     8    -0.000444
     5     8    -0.000695
     6     8    -0.000992
     7     8    -0.001331
     8     8    -0.001704
     9     8    -0.002103
    10     8    -0.002523
    11     8    -0.002955
    12     8    -0.003395
    13     8    -0.003835
    14     8    -0.004270
    15     8    -0.004695
    16     8    -0.005103
    17     8    -0.005491
    18     8    -0.005851
    19     8    -0.006181
    20     8    -0.006475
    21     8    -0.006728
    22     8    -0.006937
    23     8    -0.007097
    24     8    -0.007204
    25     8    -0.007257
    26     8    -0.007252
    27     8    -0.007188
    28     8    -0.007064
    29     8    -0.006881
    30     8    -0.006640
    31     8    -0.006343
    32     8    -0.005995
    33     8    -0.005600
    34     8    -0.005166
    35     8    -0.004700
    36     8    -0.004210
    37     8    -0.003708
    38     8    -0.003202
    39     8    -0.002705
    40     8    -0.002227
    41     8    -0.001778
    42     8    -0.001369
    43     8    -0.001006
    44     8    -0.000698
    45     8    -0.000447
    46     8    -0.000256
    47     8    -0.000123
    48     8    -0.000043
    49     8    -0.000006
    50     8     0.000000
     0     9     0.000000
     1     9    -0.000035
     2     9    -0.000145
     3     9    -0.000329
     4     9    -0.000583
     5     9    -0.000901
     6     9    -0.001277
     7     9    -0.001702
     8     9    -0.002167
     9     9    -0.002664
    10     9    -0.003184
    11     9    -0.003719
    12     9    -0.004262
    13     9    -0.004805
    14     9    -0.005342
    15     9    -0.005864
    16     9    -0.006367
    17     9    -0.006844
    18     9    -0.007288
    19     9    -0.007694
    20     9    -0.008055
    21     9    -0.008368
    22     9    -0.008625
    23     9    -0.008823
    24     9    -0.008957
    25     9    -0.009024
    26     9    -0.009021
    27     9    -0.008946
    28     9    -0.008797
    29     9    -0.008576
    30     9    -0.008284
    31     9    -0.007923
    32     9    -0.007499
    33     9    -0.007018
    34     9    -0.006487
    35     9    -0.005915
    36     9    -0.005314
    37     9    -0.004696
    38     9    -0.004071
    39     9    -0.003455
    40     9    -0.002860
    41     9    -0.002299
    42     9    -0.001784
    43     9    -0.001326
    44     9    -0.000932
    45     9    -0.000609
    46     9    -0.000358
    47     9    -0.000179
    48     9    -0.000067
    49     9    -0.000012
    50     9     0.000000
     0    10     0.000000
     1    10    -0.000047
     2    10    -0.000188
     3    10    -0.000421
     4    10    -0.000738
     5    10    -0.001133
     6    10    -0.001595
     7    10    -0.002115
     8    10    -0.002682
     9    10    -0.003285
    10    10    -0.003915
    11    10    -0.004562
    12    10    -0.005217
    13    10    -0.005872
    14    10    -0.006519
    15    10    -0.007148
    16    10    -0.007754
    17    10    -0.008328
    18    10    -0.008862
    19    10    -0.009351
    20    10    -0.009787
    21    10    -0.010164
    22    10    -0.010476
    23    10    -0.010716
    24    10    -0.010881
    25    10    -0.010965
    26    10    -0.010966
    27    10    -0.010881
    28    10    -0.010708
    29    10    -0.010448
    30    10    -0.010103
    31    10    -0.009675
    32    10    -0.009171
    33    10    -0.008598
    34    10    -0.007963
    35    10    -0.007278
    36    10    -0.006556
    37    10    -0.005810
    38    10    -0.005055
    39    10    -0.004308
    40    10    -0.003583
    41    10    -0.002897
    42    10    -0.002263
    43    10    -0.001696
    44    10    -0.001205
    45    10    -0.000798
    46    10    -0.000478
    47    10    -0.000246
    48    10    -0.000096
    49    10    -0.000019
    50    10     0.000000
     0    11     0.000000
     1    11    -0.000060
     2    11    -0.000236
     3    11    -0.000523
     4    11    -0.000911
     5    11    -0.001389
     6    11    -0.001946
     7    11    -0.002569
     8    11    -0.003246
     9    11    -0.003965
    10    11    -0.004713
    11    11    -0.005481
    12    11    -0.006258
    13    11    -0.007034
    14    11    -0.007799
    15    11    -0.008543
    16    11    -0.009259
    17    11    -0.009938
    18    11    -0.010571
    19    11    -0.011149
    20    11    -0.011667
    21    11    -0.012114
    22    11    -0.012486
    23    11    -0.012774
    24    11    -0.012974
    25    11    -0.013080
    26    11    -0.013087
    27    11    -0.012994
    28    11    -0.012798
    29    11    -0.012500
    30    11    -0.012101
    31    11    -0.011604
    32    11    -0.011017
    33    11    -0.010345
    34    11    -0.009601
    35    11    -0.008795
    36    11    -0.007942
    37    11    -0.007058
    38    11    -0.006161
    39    11    -0.005269
    40    11    -0.004401
    41    11    -0.003576
    42    11    -0.002810
    43    11    -0.002120
    44    11    -0.001519
    45    11    -0.001016
    46    11    -0.000618
    47    11    -0.000324
    48    11    -0.000130
    49    11    -0.000027
    50    11     0.000000
     0    12     0.000000
     1    12    -0.000074
     2    12    -0.000289
     3    12    -0.000635
     4    12    -0.001099
     5    12    -0.001668
     6    12    -0.002328
     7    12    -0.003062
     8    12    -0.003858
     9    12    -0.004701
    10    12    -0.005577
    11    12    -0.006474
    12    12    -0.007381
    13    12    -0.008285
    14    12    -0.009177
    15    12    -0.010045
    16    12    -0.010879
    17    12    -0.011671
    18    12    -0.012409
    19    12    -0.013085
    20    12    -0.013690
    21    12    -0.014216
    22    12    -0.014653
    23    12    -0.014996
    24    12    -0.015235
    25    12    -0.015367
    26    12    -0.015386
    27    12    -0.015288
    28    12    -0.015071
    29    12    -0.014735
    30    12    -0.014282
    31    12    -0.013715
    32    12    -0.013041
    33    12    -0.012267
    34    12    -0.011407
    35    12    -0.010472
    36    12    -0.009480
    37    12    -0.008448
    38    12    -0.007396
    39    12    -0.006347
    40    12    -0.005322
    41    12    -0.004342
    42    12    -0.003429
    43    12    -0.002603
    44    12    -0.001878
    45    12    -0.001267
    46    12    -0.000778
    47    12    -0.000413
    48    12    -0.000169
    49    12    -0.000037
    50    12     0.000000
     0    13     0.000000
     1    13    -0.000089
     2    13    -0.000346
     3    13    -0.000756
     4    13    -0.001303
     5    13    -0.001969
     6    13    -0.002738
     7    13    -0.003592
     8    13    -0.004515
     9    13    -0.005490
    10    13    -0.006502
    11    13    -0.007537
    12    13    -0.008582
    13    13    -0.009623
    14    13    -0.010650
    15    13    -0.011649
    16    13    -0.012610
    17    13    -0.013522
    18    13    -0.014373
    19    13    -0.015154
    20    13    -0.015855
    21    13    -0.016465
    22    13    -0.016976
    23    13    -0.017378
    24    13    -0.017664
    25    13    -0.017827
    26    13    -0.017861
    27    13    -0.017762
    28    13    -0.017528
    29    13    -0.017157
    30    13    -0.016650
    31    13    -0.016012
    32    13    -0.015250
    33    13    -0.014371
    34    13    -0.013389
    35    13    -0.012319
    36    13    -0.011178
    37    13    -0.009987
    38    13    -0.008769
    39    13    -0.007549
    40    13    -0.006352
    41    13    -0.005203
    42    13    -0.004127
    43    13    -0.003148
    44    13    -0.002284
    45    13    -0.001551
    46    13    -0.000961
    47    13    -0.000516
    48    13    -0.000214
    49    13    -0.000048
    50    13     0.000000
     0    14     0.000000
     1    14    -0.000106
     2    14    -0.000407
     3    14    -0.000885
     4    14    -0.001520
     5    14    -0.002291
     6    14    -0.003177
     7    14    -0.004158
     8    14    -0.005215
     9    14    -0.006329
    10    14    -0.007485
    11    14    -0.008666
    12    14    -0.009857
    13    14    -0.011044
    14    14    -0.012213
    15    14    -0.013351
    16    14    -0.014446
    17    14    -0.015486
    18    14    -0.016459
    19    14    -0.017353
    20    14    -0.018156
    21    14    -0.018859
    22    14    -0.019450
    23    14    -0.019919
    24    14    -0.020258
    25    14    -0.020459
    26    14    -0.020514
    27    14    -0.020420
    28    14    -0.020171
    29    14    -0.019768
    30    14    -0.019211
    31    14    -0.018503
    32    14    -0.017651
    33    14    -0.016664
    34    14    -0.015557
    35    14    -0.014344
    36    14    -0.013046
    37    14    -0.011687
    38    14    -0.010290
    39    14    -0.008885
    40    14    -0.007500
    41    14    -0.006165
    42    14    -0.004910
    43    14    -0.003761
    44    14    -0.002743
    45    14    -0.001874
    46    14    -0.001168
    47    14    -0.000632
    48    14    -0.000266
    49    14    -0.000061
    50    14     0.000000
     0    15     0.000000
     1    15    -0.000123
     2    15    -0.000472
     3    15    -0.001023
     4    15    -0.001751
     5    15    -0.002631
     6    15    -0.003640
     7    15    -0.004755
     8    15    -0.005954
     9    15    -0.007216
    10    15    -0.008523
    11    15    -0.009857
    12    15    -0.011202
    13    15    -0.012541
    14    15    -0.013861
    15    15    -0.015146
    16    15    -0.016384
    17    15    -0.017560
    18    15    -0.018661
    19    15    -0.019676
    20    15    -0.020590
    21    15    -0.021393
    22    15    -0.022072
    23    15    -0.022616
    24    15    -0.023015
    25    15    -0.023260
    26    15    -0.023344
    27    15    -0.023260
    28    15    -0.023003
    29    15    -0.022572
    30    15    -0.021967
    31    15    -0.021191
    32    15    -0.020250
    33    15    -0.019154
    34    15    -0.017917
    35    15    -0.016557
    36    15    -0.015095
    37    15    -0.013555
    38    15    -0.011968
    39    15    -0.010364
    40    15    -0.008776
    41    15    -0.007239
    42    15    -0.005786
    43    15    -0.004450
    44    15    -0.003259
    45    15    -0.002238
    46    15    -0.001403
    47    15    -0.000765
    48    15    -0.000324
    49    15    -0.000075
    50    15     0.000000
     0    16     0.000000
     1    16    -0.000142
     2    16    -0.000541
     3    16    -0.001168
     4    16    -0.001993
     5    16    -0.002989
     6    16    -0.004128
     7    16    -0.005383
     8    16    -0.006730
     9    16    -0.008147
    10    16    -0.009612
    11    16    -0.011106
    12    16    -0.012612
    13    16    -0.014111
    14    16    -0.015588
    15    16    -0.017028
    16    16    -0.018415
    17    16    -0.019735
    18    16    -0.020974
    19    16    -0.022116
    20    16    -0.023150
    21    16    -0.024061
    22    16    -0.024836
    23    16    -0.025463
    24    16    -0.025931
    25    16    -0.026229
    26    16    -0.026349
    27    16    -0.026282
    28    16    -0.026023
    29    16    -0.025570
    30    16    -0.024921
    31    16    -0.024080
    32    16    -0.023051
    33    16    -0.021846
    34    16    -0.020478
    35    16    -0.018965
    36    16    -0.017332
    37    16    -0.015604
    38    16    -0.013814
    39    16    -0.011997
    40    16    -0.010190
    41    16    -0.008432
    42    16    -0.006763
    43    16    -0.005221
    44    16    -0.003839
    45    16    -0.002648
    46    16    -0.001668
    47    16    -0.000914
    48    16    -0.000391
    49    16    -0.000091
    50    16     0.000000
     0    17     0.000000
     1    17    -0.000161
     2    17    -0.000613
     3    17    -0.001319
     4    17    -0.002247
     5    17    -0.003364
     6    17    -0.004637
     7    17    -0.006038
     8    17    -0.007540
     9    17    -0.009117
    10    17    -0.010747
    11    17    -0.012408
    12    17    -0.014081
    13    17    -0.015747
    14    17    -0.017389
    15    17    -0.018990
    16    17    -0.020534
    17    17    -0.022006
    18    17    -0.023389
    19    17    -0.024668
    20    17    -0.025829
    21    17    -0.026857
    22    17    -0.027737
    23    17    -0.028456
    24    17    -0.029001
    25    17    -0.029361
    26    17    -0.029524
    27    17    -0.029483
    28    17    -0.029230
    29    17    -0.028761
    30    17    -0.028074
    31    17    -0.027172
    32    17    -0.026059
    33    17    -0.024745
    34    17    -0.023245
    35    17    -0.021577
    36    17    -0.019766
    37    17    -0.017841
    38    17    -0.015838
    39    17    -0.013794
    40    17    -0.011752
    41    17    -0.009756
    42    17    -0.007851
    43    17    -0.006082
    44    17    -0.004490
    45    17    -0.003109
    46    17    -0.001967
    47    17    -0.001084
    48    17    -0.000466
    49    17    -0.000110
    50    17     0.000000
     0    18     0.000000
     1    18    -0.000182
     2    18    -0.000687
     3    18    -0.001477
     4    18    -0.002511
     5    18    -0.003752
     6    18    -0.005165
     7    18    -0.006718
     8    18    -0.008379
     9    18    -0.010123
    10    18    -0.011923
    11    18    -0.013757
    12    18    -0.015604
    13    18    -0.017443
    14    18    -0.019256
    15    18    -0.021025
    16    18    -0.022733
    17    18    -0.024363
    18    18    -0.025898
    19    18    -0.027322
    20    18    -0.028618
    21    18    -0.029771
    22    18    -0.030765
    23    18    -0.031585
    24    18    -0.032216
    25    18    -0.032646
    26    18    -0.032863
    27    18    -0.032856
    28    18    -0.032617
    29    18    -0.032141
    30    18    -0.031424
    31    18    -0.030466
    32    18    -0.029274
    33    18    -0.027854
    34    18    -0.026222
    35    18    -0.024397
    36    18    -0.022405
    37    18    -0.020276
    38    18    -0.018049
    39    18    -0.015765
    40    18    -0.013472
    41    18    -0.011219
    42    18    -0.009059
    43    18    -0.007042
    44    18    -0.005217
    45    18    -0.003626
    46    18    -0.002304
    47    18    -0.001275
    48    18    -0.000551
    49    18    -0.000131
    50    18     0.000000
     0    19     0.000000
     1    19    -0.000203
     2    19    -0.000764
     3    19    -0.001639
     4    19    -0.002783
     5    19    -0.004153
     6    19    -0.005710
     7    19    -0.007419
     8    19    -0.009245
     9    19    -0.011160
    10    19    -0.013136
    11    19    -0.015148
    12    19    -0.017173
    13    19    -0.019191
    14    19    -0.021181
    15    19    -0.023124
    16    19    -0.025002
    17    19    -0.026797
    18    19    -0.028491
    19    19    -0.030066
    20    19    -0.031506
    21    19    -0.032792
    22    19    -0.033909
    23    19    -0.034838
    24    19    -0.035566
    25    19    -0.036076
    26    19    -0.036356
    27    19    -0.036393
    28    19    -0.036178
    29    19    -0.035703
    30    19    -0.034964
    31    19    -0.033960
    32    19    -0.032693
    33    19    -0.031172
    34    19    -0.029411
    35    19    -0.027429
    36    19    -0.025253
    37    19    -0.022915
    38    19    -0.020455
    39    19    -0.017919
    40    19    -0.015359
    41    19    -0.012832
    42    19    -0.010395
    43    19    -0.008108
    44    19    -0.006028
    45    19    -0.004206
    46    19    -0.002683
    47    19    -0.001492
    48    19    -0.000648
    49    19    -0.000155
    50    19     0.000000
     0    20     0.000000
     1    20    -0.000224
     2    20    -0.000843
     3    20    -0.001806
     4    20    -0.003062
     5    20    -0.004564
     6    20    -0.006270
     7    20    -0.008138
     8    20    -0.010134
     9    20    -0.012224
    10    20    -0.014379
    11    20    -0.016574
    12    20    -0.018783
    13    20    -0.020983
    14    20    -0.023155
    15    20    -0.025277
    16    20    -0.027330
    17    20    -0.029296
    18    20    -0.031155
    19    20    -0.032889
    20    20    -0.034479
    21    20    -0.035907
    22    20    -0.037155
    23    20    -0.038203
    24    20    -0.039037
    25    20    -0.039637
    26    20    -0.039991
    27    20    -0.040082
    28    20    -0.039902
    29    20    -0.039438
    30    20    -0.038687
    31    20    -0.037644
    32    20    -0.036312
    33    20    -0.034696
    34    20    -0.032810
    35    20    -0.030674
    36    20    -0.028313
    37    20    -0.025761
    38    20    -0.023062
    39    20    -0.020263
    40    20    -0.017423
    41    20    -0.014603
    42    20    -0.011870
    43    20    -0.009290
    44    20    -0.006932
    45    20    -0.004854
    46    20    -0.003108
    47    20    -0.001735
    48    20    -0.000757
    49    20    -0.000183
    50    20     0.000000
     0    21     0.000000
     1    21    -0.000246
     2    21    -0.000924
     3    21    -0.001976
     4    21    -0.003347
     5    21    -0.004984
     6    21    -0.006841
     7    21    -0.008872
     8    21    -0.011040
     9    21    -0.013309
    10    21    -0.015648
    11    21    -0.018028
    12    21    -0.020423
    13    21    -0.022811
    14    21    -0.025168
    15    21    -0.027473
    16    21    -0.029706
    17    21    -0.031848
    18    21    -0.033878
    19    21    -0.035776
    20    21    -0.037523
    21    21    -0.039100
    22    21    -0.040486
    23    21    -0.041663
    24    21    -0.042611
    25    21    -0.043312
    26    21    -0.043749
    27    21    -0.043906
    28    21    -0.043771
    29    21    -0.043331
    30    21    -0.042578
    31    21    -0.041507
    32    21    -0.040119
    33    21    -0.038417
    34    21    -0.036414
    35    21    -0.034127
    36    21    -0.031583
    37    21    -0.028817
    38    21    -0.025873
    39    21    -0.022804
    40    21    -0.019670
    41    21    -0.016541
    42    21    -0.013491
    43    21    -0.010596
    44    21    -0.007934
    45    21    -0.005576
    46    21    -0.003585
    47    21    -0.002009
    48    21    -0.000881
    49    21    -0.000214
    50    21     0.000000
     0    22     0.000000
     1    22    -0.000268
     2    22    -0.001006
     3    22    -0.002149
     4    22    -0.003637
     5    22    -0.005411
     6    22    -0.007420
     7    22    -0.009617
     8    22    -0.011960
     9    22    -0.014410
    10    22    -0.016934
    11    22    -0.019503
    12    22    -0.022088
    13    22    -0.024664
    14    22    -0.027209
    15    22    -0.029701
    16    22    -0.032117
    17    22    -0.034438
    18    22    -0.036642
    19    22    -0.038710
    20    22    -0.040620
    21    22    -0.042351
    22    22    -0.043884
    23    22    -0.045196
    24    22    -0.046268
    25    22    -0.047079
    26    22    -0.047610
    27    22    -0.047845
    28    22    -0.047766
    29    22    -0.047361
    30    22    -0.046619
    31    22    -0.045533
    32    22    -0.044099
    33    22    -0.042322
    34    22    -0.040210
    35    22    -0.037780
    36    22    -0.035059
    37    22    -0.032080
    38    22    -0.028889
    39    22    -0.025542
    40    22    -0.022105
    41    22    -0.018652
    42    22    -0.015266
    43    22    -0.012034
    44    22    -0.009044
    45    22    -0.006380
    46    22    -0.004117
    47    22    -0.002316
    48    22    -0.001020
    49    22    -0.000249
    50    22     0.000000
     0    23     0.000000
     1    23    -0.000291
     2    23    -0.001089
     3    23    -0.002325
     4    23    -0.003930
     5    23    -0.005843
     6    23    -0.008007
     7    23    -0.010370
     8    23    -0.012889
     9    23    -0.015522
    10    23    -0.018233
    11    23    -0.020991
    12    23    -0.023766
    13    23    -0.026533
    14    23    -0.029268
    15    23    -0.031946
    16    23    -0.034548
    17    23    -0.037050
    18    23    -0.039432
    19    23    -0.041672
    20    23    -0.043749
    21    23    -0.045640
    22    23    -0.047324
    23    23    -0.048779
    24    23    -0.049983
    25    23    -0.050913
    26    23    -0.051549
    27    23    -0.051871
    28    23    -0.051862
    29    23    -0.051504
    30    23    -0.050786
    31    23    -0.049697
    32    23    -0.048233
    33    23    -0.046393
    34    23    -0.044184
    35    23    -0.041621
    36    23    -0.038729
    37    23    -0.035542
    38    23    -0.032106
    39    23    -0.028479
    40    23    -0.024730
    41    23    -0.020941
    42    23    -0.017202
    43    23    -0.013610
    44    23    -0.010267
    45    23    -0.007270
    46    23    -0.004710
    47    23    -0.002661
    48    23    -0.001177
    49    23    -0.000289
    50    23     0.000000
     0    24     0.000000
     1    24    -0.000313
     2    24    -0.001173
     3    24    -0.002501
     4    24    -0.004225
     5    24    -0.006277
     6    24    -0.008596
     7    24    -0.011128
     8    24    -0.013823
     9    24    -0.016639
    10    24    -0.019537
    11    24    -0.022484
    12    24    -0.025450
    13    24    -0.028407
    14    24    -0.031330
    15    24    -0.034197
    16    24    -0.036983
    17    24    -0.039667
    18    24    -0.042228
    19    24    -0.044642
    20    24    -0.046888
    21    24    -0.048942
    22    24    -0.050783
    23    24    -0.052386
    24    24    -0.053728
    25    24    -0.054785
    26    24    -0.055535
    27    24    -0.055956
    28    24    -0.056027
    29    24    -0.055730
    30    24    -0.055050
    31    24    -0.053973
    32    24    -0.052492
    33    24    -0.050604
    34    24    -0.048312
    35    24    -0.045629
    36    24    -0.042578
    37    24    -0.039192
    38    24    -0.035516
    39    24    -0.031609
    40    24    -0.027545
    41    24    -0.023409
    42    24    -0.019302
    43    24    -0.015331
    44    24    -0.011610
    45    24    -0.008254
    46    24    -0.005368
    47    24    -0.003045
    48    24    -0.001353
    49    24    -0.000334
    50    24     0.000000
     0    25     0.000000
     1    25    -0.000336
     2    25    -0.001256
     3    25    -0.002677
     4    25    -0.004520
     5    25    -0.006712
     6    25    -0.009187
     7    25    -0.011887
     8    25    -0.014758
     9    25    -0.017756
    10    25    -0.020840
    11    25    -0.023975
    12    25    -0.027129
    13    25    -0.030275
    14    25    -0.033385
    15    25    -0.036437
    16    25    -0.039406
    17    25    -0.042271
    18    25    -0.045009
    19    25    -0.047596
    20    25    -0.050012
    21    25    -0.052231
    22    25    -0.054230
    23    25    -0.055985
    24    25    -0.057471
    25    25    -0.058662
    26    25    -0.059534
    27    25    -0.060064
    28    25    -0.060227
    29    25    -0.060004
    30    25    -0.059375
    31    25    -0.058326
    32    25    -0.056844
    33    25    -0.054924
    34    25    -0.052567
    35    25    -0.049780
    36    25    -0.046585
    37    25    -0.043011
    38    25    -0.039104
    39    25    -0.034922
    40    25    -0.030542
    41    25    -0.026055
    42    25    -0.021567
    43    25    -0.017199
    44    25    -0.013078
    45    25    -0.009336
    46    25    -0.006098
    47    25    -0.003473
    48    25    -0.001550
    49    25    -0.000385
    50    25     0.000000
     0    26     0.000000
     1    26    -0.000358
     2    26    -0.001340
     3    26    -0.002854
     4    26    -0.004816
     5    26    -0.007148
     6    26    -0.009778
     7    26    -0.012644
     8    26    -0.015690
     9    26    -0.018869
    10    26    -0.022136
    11    26    -0.025456
    12    26    -0.028795
    13    26    -0.032125
    14    26    -0.035419
    15    26    -0.038652
    16    26    -0.041800
    17    26    -0.044842
    18    26    -0.047753
    19    26    -0.050512
    20    26    -0.053095
    21    26    -0.055478
    22    26    -0.057636
    23    26    -0.059544
    24    26    -0.061176
    25    26    -0.062506
    26    26    -0.063508
    27    26    -0.064154
    28    26    -0.064420
    29    26    -0.064283
    30    26    -0.063720
    31    26    -0.062714
    32    26    -0.061250
    33    26    -0.059317
    34    26    -0.056912
    35    26    -0.054041
    36    26    -0.050719
    37    26    -0.046975
    38    26    -0.042850
    39    26    -0.038404
    40    26    -0.033713
    41    26    -0.028873
    42    26    -0.023998
    43    26    -0.019218
    44    26    -0.014676
    45    26    -0.010522
    46    26    -0.006902
    47    26    -0.003949
    48    26    -0.001771
    49    26    -0.000442
    50    26     0.000000
     0    27     0.000000
     1    27    -0.000381
     2    27    -0.001423
     3    27    -0.003031
     4    27    -0.005111
     5    27    -0.007582
     6    27    -0.010366
     7    27    -0.013397
     8    27    -0.016616
     9    27    -0.019972
    10    27    -0.023419
    11    27    -0.026919
    12    27    -0.030439
    13    27    -0.033948
    14    27    -0.037419
    15    27    -0.040827
    16    27    -0.044148
    17    27    -0.047360
    18    27    -0.050439
    19    27    -0.053364
    20    27    -0.056110
    21    27    -0.058652
    22    27    -0.060967
    23    27    -0.063028
    24    27    -0.064807
    25    27    -0.066279
    26    27    -0.067413
    27    27    -0.068184
    28    27    -0.068562
    29    27    -0.068522
    30    27    -0.068039
    31    27    -0.067092
    32    27    -0.065663
    33    27    -0.063737
    34    27    -0.061306
    35    27    -0.058372
    36    27    -0.054946
    37    27    -0.051052
    38    27    -0.046729
    39    27    -0.042033
    40    27    -0.037042
    41    27    -0.031853
    42    27    -0.026587
    43    27    -0.021385
    44    27    -0.016404
    45    27    -0.011814
    46    27    -0.007785
    47    27    -0.004474
    48    27    -0.002016
    49    27    -0.000507
    50    27     0.000000
     0    28     0.000000
     1    28    -0.000403
     2    28    -0.001507
     3    28    -0.003207
     4    28    -0.005406
     5    28    -0.008014
     6    28    -0.010951
     7    28    -0.014145
     8    28    -0.017534
     9    28    -0.021062
    10    28    -0.024684
    11    28    -0.028359
    12    28    -0.032052
    13    28    -0.035732
    14    28    -0.039372
    15    28    -0.042946
    16    28    -0.046431
    17    28    -0.049805
    18    28    -0.053044
    19    28    -0.056126
    20    28    -0.059027
    21    28    -0.061723
    22    28    -0.064189
    23    28    -0.066398
    24    28    -0.068323
    25    28    -0.069935
    26    28    -0.071206
    27    28    -0.072105
    28    28    -0.072602
    29    28    -0.072669
    30    28    -0.072279
    31    28    -0.071408
    32    28    -0.070031
    33    28    -0.068133
    34    28    -0.065699
    35    28    -0.062727
    36    28    -0.059222
    37    28    -0.055204
    38    28    -0.050705
    39    28    -0.045781
    40    28    -0.040506
    41    28    -0.034980
    42    28    -0.029326
    43    28    -0.023696
    44    28    -0.018263
    45    28    -0.013216
    46    28    -0.008751
    47    28    -0.005054
    48    28    -0.002288
    49    28    -0.000579
    50    28     0.000000
     0    29     0.000000
     1    29    -0.000426
     2    29    -0.001590
     3    29    -0.003383
     4    29    -0.005700
     5    29    -0.008445
     6    29    -0.011533
     7    29    -0.014887
     8    29    -0.018441
     9    29    -0.022137
    10    29    -0.025927
    11    29    -0.029769
    12    29    -0.033626
    13    29    -0.037467
    14    29    -0.041266
    15    29    -0.044995
    16    29    -0.048633
    17    29    -0.052157
    18    29    -0.055544
    19    29    -0.058772
    20    29    -0.061818
    21    29    -0.064657
    22    29    -0.067266
    23    29    -0.069616
    24    29    -0.071681
    25    29    -0.073432
    26    29    -0.074837
    27    29    -0.075866
    28    29    -0.076488
    29    29    -0.076671
    30    29    -0.076385
    31    29    -0.075602
    32    29    -0.074297
    33    29    -0.072448
    34    29    -0.070036
    35    29    -0.067052
    36    29    -0.063497
    37    29    -0.059383
    38    29    -0.054739
    39    29    -0.049614
    40    29    -0.044078
    41    29    -0.038231
    42    29    -0.032200
    43    29    -0.026144
    44    29    -0.020250
    45    29    -0.014728
    46    29    -0.009801
    47    29    -0.005689
    48    29    -0.002590
    49    29    -0.000659
    50    29     0.000000
     0    30     0.000000
     1    30    -0.000448
     2    30    -0.001674
     3    30    -0.003560
     4    30    -0.005995
     5    30    -0.008877
     6    30    -0.012113
     7    30    -0.015624
     8    30    -0.019338
     9    30    -0.023196
    10    30    -0.027145
    11    30    -0.031144
    12    30    -0.035155
    13    30    -0.039146
    14    30    -0.043089
    15    30    -0.046961
    16    30    -0.050737
    17    30    -0.054396
    18    30    -0.057916
    19    30    -0.061276
    20    30    -0.064453
    21    30    -0.067423
    22    30    -0.070162
    23    30    -0.072643
    24    30    -0.074840
    25    30    -0.076721
    26    30    -0.078257
    27    30    -0.079415
    28    30    -0.080163
    29    30    -0.080467
    30    30    -0.080295
    31    30    -0.079615
    32    30    -0.078398
    33    30    -0.076619
    34    30    -0.074253
    35    30    -0.071287
    36    30    -0.067713
    37    30    -0.063538
    38    30    -0.058782
    39    30    -0.053488
    40    30    -0.047722
    41    30    -0.041580
    42    30    -0.035190
    43    30    -0.028716
    44    30    -0.022358
    45    30    -0.016348
    46    30    -0.010938
    47    30    -0.006384
    48    30    -0.002922
    49    30    -0.000749
    50    30     0.000000
     0    31     0.000000
     1    31    -0.000471
     2    31    -0.001759
     3    31    -0.003739
     4    31    -0.006293
     5    31    -0.009310
     6    31    -0.012694
     7    31    -0.016358
     8    31    -0.020226
     9    31    -0.024237
    10    31    -0.028337
    11    31    -0.032482
    12    31    -0.036633
    13    31    -0.040759
    14    31    -0.044832
    15    31    -0.048829
    16    31    -0.052726
    17    31    -0.056503
    18    31    -0.060139
    19    31    -0.063613
    20    31    -0.066903
    21    31    -0.069987
    22    31    -0.072841
    23    31    -0.075439
    24    31    -0.077754
    25    31    -0.079757
    26    31    -0.081416
    27    31    -0.082698
    28    31    -0.083571
    29    31    -0.083999
    30    31    -0.083946
    31    31    -0.083380
    32    31    -0.082267
    33    31    -0.080578
    34    31    -0.078284
    35    31    -0.075364
    36    31    -0.071805
    37    31    -0.067604
    38    31    -0.062776
    39    31    -0.057354
    40    31    -0.051396
    41    31    -0.044992
    42    31    -0.038269
    43    31    -0.031394
    44    31    -0.024579
    45    31    -0.018074
    46    31    -0.012162
    47    31    -0.007138
    48    31    -0.003287
    49    31    -0.000848
    50    31     0.000000
     0    32     0.000000
     1    32    -0.000495
     2    32    -0.001847
     3    32    -0.003923
     4    32    -0.006596
     5    32    -0.009750
     6    32    -0.013279
     7    32    -0.017091
     8    32    -0.021108
     9    32    -0.025264
    10    32    -0.029503
    11    32    -0.033780
    12    32    -0.038056
    13    32    -0.042300
    14    32    -0.046485
    15    32    -0.050587
    16    32    -0.054585
    17    32    -0.058459
    18    32    -0.062190
    19    32    -0.065757
    20    32    -0.069141
    21    32    -0.072319
    22    32    -0.075269
    23    32    -0.077966
    24    32    -0.080383
    25    32    -0.082492
    26    32    -0.084262
    27    32    -0.085661
    28    32    -0.086653
    29    32    -0.087203
    30    32    -0.087273
    31    32    -0.086829
    32    32    -0.085833
    33    32    -0.084252
    34    32    -0.082054
    35    32    -0.079210
    36    32    -0.075701
    37    32    -0.071516
    38    32    -0.066658
    39    32    -0.061152
    40    32    -0.055047
    41    32    -0.048424
    42    32    -0.041404
    43    32    -0.034155
    44    32    -0.026897
    45    32    -0.019898
    46    32    -0.013471
    47    32    -0.007956
    48    32    -0.003686
    49    32    -0.000958
    50    32     0.000000
     0    33     0.000000
     1    33    -0.000520
     2    33    -0.001938
     3    33    -0.004114
     4    33    -0.006911
     5    33    -0.010202
     6    33    -0.013874
     7    33    -0.017831
     8    33    -0.021989
     9    33    -0.026279
    10    33    -0.030644
    11    33    -0.035038
    12    33    -0.039421
    13    33    -0.043764
    14    33    -0.048039
    15    33    -0.052225
    16    33    -0.056301
    17    33    -0.060248
    18    33    -0.064049
    19    33    -0.067685
    20    33    -0.071138
    21    33    -0.074386
    22    33    -0.077410
    23    33    -0.080184
    24    33    -0.082684
    25    33    -0.084881
    26    33    -0.086747
    27    33    -0.088248
    28    33    -0.089350
    29    33    -0.090017
    30    33    -0.090211
    31    33    -0.089892
    32    33    -0.089023
    33    33    -0.087567
    34    33    -0.085486
    35    33    -0.082748
    36    33    -0.079324
    37    33    -0.075195
    38    33    -0.070356
    39    33    -0.064818
    40    33    -0.058617
    41    33    -0.051826
    42    33    -0.044556
    43    33    -0.036971
    44    33    -0.029294
    45    33    -0.021810
    46    33    -0.014863
    47    33    -0.008835
    48    33    -0.004121
    49    33    -0.001079
    50    33     0.000000
     0    34     0.000000
     1    34    -0.000546
     2    34    -0.002037
     3    34    -0.004317
     4    34    -0.007241
     5    34    -0.010672
     6    34    -0.014488
     7    34    -0.018585
     8    34    -0.022876
     9    34    -0.027289
    10    34    -0.031765
    11    34    -0.036257
    12    34    -0.040727
    13    34    -0.045146
    14    34    -0.049487
    15    34    -0.053731
    16    34    -0.057858
    17    34    -0.061852
    18    34    -0.065696
    19    34    -0.069373
    20    34    -0.072867
    21    34    -0.076160
    22    34    -0.079230
    23    34    -0.082057
    24    34    -0.084615
    25    34    -0.086880
    26    34    -0.088821
    27    34    -0.090408
    28    34    -0.091607
    29    34    -0.092381
    30    34    -0.092692
    31    34    -0.092500
    32    34    -0.091764
    33    34    -0.090445
    34    34    -0.088501
    35    34    -0.085895
    36    34    -0.082591
    37    34    -0.078562
    38    34    -0.073790
    39    34    -0.068274
    40    34    -0.062039
    41    34    -0.055140
    42    34    -0.047676
    43    34    -0.039804
    44    34    -0.031746
    45    34    -0.023798
    46    34    -0.016332
    47    34    -0.009777
    48    34    -0.004593
    49    34    -0.001213
    50    34     0.000000
     0    35     0.000000
     1    35    -0.000576
     2    35    -0.002144
     3    35    -0.004538
     4    35    -0.007597
     5    35    -0.011171
     6    35    -0.015130
     7    35    -0.019363
     8    35    -0.023778
     9    35    -0.028299
    10    35    -0.032869
    11    35    -0.037439
    12    35    -0.041973
    13    35    -0.046442
    14    35    -0.050822
    15    35    -0.055095
    16    35    -0.059244
    17    35    -0.063253
    18    35    -0.067109
    19    35    -0.070798
    20    35    -0.074303
    21    35    -0.077609
    22    35    -0.080697
    23    35    -0.083547
    24    35    -0.086137
    25    35    -0.088443
    26    35    -0.090437
    27    35    -0.092088
    28    35    -0.093366
    29    35    -0.094233
    30    35    -0.094652
    31    35    -0.094581
    32    35    -0.093981
    33    35    -0.092807
    34    35    -0.091016
    35    35    -0.088566
    36    35    -0.085415
    37    35    -0.081527
    38    35    -0.076873
    39    35    -0.071440
    40    35    -0.065235
    41    35    -0.058297
    42    35    -0.050708
    43    35    -0.042612
    44    35    -0.034222
    45    35    -0.025843
    46    35    -0.017870
    47    35    -0.010781
    48    35    -0.005104
    49    35    -0.001360
    50    35     0.000000
     0    36     0.000000
     1    36    -0.000610
     2    36    -0.002266
     3    36    -0.004784
     4    36    -0.007987
     5    36    -0.011711
     6    36    -0.015814
     7    36    -0.020178
     8    36    -0.024705
     9    36    -0.029320
    10    36    -0.033962
    11    36    -0.038587
    12    36    -0.043157
    13    36    -0.047647
    14    36    -0.052035
    15    36    -0.056304
    16    36    -0.060441
    17    36    -0.064433
    18    36    -0.068268
    19    36    -0.071933
    20    36    -0.075416
    21    36    -0.078702
    22    36    -0.081775
    23    36    -0.084617
    24    36    -0.087209
    25    36    -0.089527
    26    36    -0.091546
    27    36    -0.093238
    28    36    -0.094572
    29    36    -0.095514
    30    36    -0.096026
    31    36    -0.096069
    32    36    -0.095599
    33    36    -0.094574
    34    36    -0.092948
    35    36    -0.090673
    36    36    -0.087705
    37    36    -0.083998
    38    36    -0.079514
    39    36    -0.074225
    40    36    -0.068121
    41    36    -0.061221
    42    36    -0.053587
    43    36    -0.045341
    44    36    -0.036686
    45    36    -0.027924
    46    36    -0.019469
    47    36    -0.011844
    48    36    -0.005655
    49    36    -0.001521
    50    36     0.000000
     0    37     0.000000
     1    37    -0.000650
     2    37    -0.002407
     3    37    -0.005066
     4    37    -0.008427
     5    37    -0.012308
     6    37    -0.016556
     7    37    -0.021043
     8    37    -0.025670
     9    37    -0.030359
    10    37    -0.035051
    11    37    -0.039701
    12    37    -0.044276
    13    37    -0.048753
    14    37    -0.053114
    15    37    -0.057344
    16    37    -0.061433
    17    37    -0.065370
    18    37    -0.069145
    19    37    -0.072750
    20    37    -0.076174
    21    37    -0.079404
    22    37    -0.082427
    23    37    -0.085228
    24    37    -0.087787
    25    37    -0.090086
    26    37    -0.092100
    27    37    -0.093805
    28    37    -0.095170
    29    37    -0.096164
    30    37    -0.096751
    31    37    -0.096892
    32    37    -0.096546
    33    37    -0.095668
    34    37    -0.094211
    35    37    -0.092127
    36    37    -0.089366
    37    37    -0.085877
    38    37    -0.081612
    39    37    -0.076528
    40    37    -0.070600
    41    37    -0.063823
    42    37    -0.056234
    43    37    -0.047929
    44    37    -0.039091
    45    37    -0.030010
    46    37    -0.021113
    47    37    -0.012964
    48    37    -0.006248
    49    37    -0.001698
    50    37     0.000000
     0    38     0.000000
     1    38    -0.000698
     2    38    -0.002575
     3    38    -0.005396
     4    38    -0.008931
     5    38    -0.012980
     6    38    -0.017373
     7    38    -0.021976
     8    38    -0.026686
     9    38    -0.031425
    10    38    -0.036136
    11    38    -0.040779
    12    38    -0.045323
    13    38    -0.049750
    14    38    -0.054043
    15    38    -0.058194
    16    38    -0.062193
    17    38    -0.066034
    18    38    -0.069710
    19    38    -0.073215
    20    38    -0.076540
    21    38    -0.079675
    22    38    -0.082611
    23    38    -0.085333
    24    38    -0.087825
    25    38    -0.090071
    26    38    -0.092048
    27    38    -0.093735
    28    38    -0.095103
    29    38    -0.096123
    30    38    -0.096763
    31    38    -0.096984
    32    38    -0.096747
    33    38    -0.096008
    34    38    -0.094722
    35    38    -0.092837
    36    38    -0.090302
    37    38    -0.087063
    38    38    -0.083062
    39    38    -0.078245
    40    38    -0.072568
    41    38    -0.066004
    42    38    -0.058561
    43    38    -0.050303
    44    38    -0.041381
    45    38    -0.032067
    46    38    -0.022785
    47    38    -0.014136
    48    38    -0.006884
    49    38    -0.001893
    50    38     0.000000
     0    39     0.000000
     1    39    -0.000758
     2    39    -0.002781
     3    39    -0.005791
     4    39    -0.009523
     5    39    -0.013749
     6    39    -0.018286
     7    39    -0.022992
     8    39    -0.027762
     9    39    -0.032521
    10    39    -0.037216
    11    39    -0.041812
    12    39    -0.046283
    13    39    -0.050614
    14    39    -0.054795
    15    39    -0.058820
    16    39    -0.062685
    17    39    -0.066385
    18    39    -0.069918
    19    39    -0.073279
    20    39    -0.076464
    21    39    -0.079464
    22    39    -0.082273
    23    39    -0.084878
    24    39    -0.087267
    25    39    -0.089424
    26    39    -0.091331
    27    39    -0.092967
    28    39    -0.094308
    29    39    -0.095327
    30    39    -0.095993
    31    39    -0.096273
    32    39    -0.096127
    33    39    -0.095515
    34    39    -0.094392
    35    39    -0.092709
    36    39    -0.090414
    37    39    -0.087450
    38    39    -0.083752
    39    39    -0.079259
    40    39    -0.073909
    41    39    -0.067652
    42    39    -0.060464
    43    39    -0.052373
    44    39    -0.043489
    45    39    -0.034048
    46    39    -0.024461
    47    39    -0.015353
    48    39    -0.007566
    49    39    -0.002108
    50    39     0.000000
     0    40     0.000000
     1    40    -0.000836
     2    40    -0.003039
     3    40    -0.006273
     4    40    -0.010225
     5    40    -0.014639
     6    40    -0.019313
     7    40    -0.024102
     8    40    -0.028902
     9    40    -0.033642
    10    40    -0.038277
    11    40    -0.042776
    12    40    -0.047124
    13    40    -0.051309
    14    40    -0.055327
    15    40    -0.059176
    16    40    -0.062856
    17    40    -0.066367
    18    40    -0.069709
    19    40    -0.072882
    20    40    -0.075882
    21    40    -0.078706
    22    40    -0.081346
    23    40    -0.083796
    24    40    -0.086043
    25    40    -0.088076
    26    40    -0.089877
    27    40    -0.091430
    28    40    -0.092712
    29    40    -0.093701
    30    40    -0.094367
    31    40    -0.094681
    32    40    -0.094607
    33    40    -0.094106
    34    40    -0.093136
    35    40    -0.091652
    36    40    -0.089601
    37    40    -0.086927
    38    40    -0.083565
    39    40    -0.079447
    40    40    -0.074496
    41    40    -0.068640
    42    40    -0.061825
    43    40    -0.054035
    44    40    -0.045328
    45    40    -0.035894
    46    40    -0.026111
    47    40    -0.016607
    48    40    -0.008298
    49    40    -0.002347
    50    40     0.000000
     0    41     0.000000
     1    41    -0.000938
     2    41    -0.003366
     3    41    -0.006867
     4    41    -0.011067
     5    41    -0.015672
     6    41    -0.020469
     7    41    -0.025309
     8    41    -0.030095
     9    41    -0.034765
    10    41    -0.039283
    11    41    -0.043629
    12    41    -0.047793
    13    41    -0.051772
    14    41    -0.055569
    15    41    -0.059185
    16    41    -0.062627
    17    41    -0.065897
    18    41    -0.069000
    19    41    -0.071937
    20    41    -0.074708
    21    41    -0.077311
    22    41    -0.079743
    23    41    -0.081997
    24    41    -0.084065
    25    41    -0.085936
    26    41    -0.087598
    27    41    -0.089034
    28    41    -0.090227
    29    41    -0.091155
    30    41    -0.091795
    31    41    -0.092119
    32    41    -0.092095
    33    41    -0.091688
    34    41    -0.090859
    35    41    -0.089567
    36    41    -0.087761
    37    41    -0.085388
    38    41    -0.082385
    39    41    -0.078678
    40    41    -0.074188
    41    41    -0.068825
    42    41    -0.062503
    43    41    -0.055158
    44    41    -0.046793
    45    41    -0.037530
    46    41    -0.027691
    47    41    -0.017885
    48    41    -0.009084
    49    41    -0.002615
    50    41     0.000000
     0    42     0.000000
     1    42    -0.001074
     2    42    -0.003789
     3    42    -0.007607
     4    42    -0.012077
     5    42    -0.016867
     6    42    -0.021755
     7    42    -0.026597
     8    42    -0.031307
     9    42    -0.035839
    10    42    -0.040169
    11    42    -0.044289
    12    42    -0.048199
    13    42    -0.051905
    14    42    -0.055414
    15    42    -0.058737
    16    42    -0.061883
    17    42    -0.064859
    18    42    -0.067672
    19    42    -0.070325
    20    42    -0.072822
    21    42    -0.075162
    22    42    -0.077344
    23    42    -0.079364
    24    42    -0.081215
    25    42    -0.082890
    26    42    -0.084379
    27    42    -0.085667
    28    42    -0.086740
    29    42    -0.087581
    30    42    -0.088167
    31    42    -0.088477
    32    42    -0.088482
    33    42    -0.088151
    34    42    -0.087450
    35    42    -0.086341
    36    42    -0.084779
    37    42    -0.082715
    38    42    -0.080087
    39    42    -0.076825
    40    42    -0.072845
    41    42    -0.068050
    42    42    -0.062331
    43    42    -0.055588
    44    42    -0.047746
    45    42    -0.038851
    46    42    -0.029140
    47    42    -0.019167
    48    42    -0.009929
    49    42    -0.002922
    50    42     0.000000
     0    43     0.000000
     1    43    -0.001262
     2    43    -0.004340
     3    43    -0.008527
     4    43    -0.013277
     5    43    -0.018224
     6    43    -0.023143
     7    43    -0.027909
     8    43    -0.032458
     9    43    -0.036761
    10    43    -0.040813
    11    43    -0.044621
    12    43    -0.048195
    13    43    -0.051551
    14    43    -0.054704
    15    43    -0.057670
    16    43    -0.060461
    17    43    -0.063088
    18    43    -0.065560
    19    43    -0.067883
    20    43    -0.070062
    21    43    -0.072098
    22    43    -0.073992
    23    43    -0.075742
    24    43    -0.077343
    25    43    -0.078790
    26    43    -0.080074
    27    43    -0.081186
    28    43    -0.082113
    29    43    -0.082840
    30    43    -0.083350
    31    43    -0.083624
    32    43    -0.083638
    33    43    -0.083366
    34    43    -0.082780
    35    43    -0.081845
    36    43    -0.080524
    37    43    -0.078772
    38    43    -0.076533
    39    43    -0.073742
    40    43    -0.070315
    41    43    -0.066152
    42    43    -0.061135
    43    43    -0.055129
    44    43    -0.048011
    45    43    -0.039715
    46    43    -0.030364
    47    43    -0.020414
    48    43    -0.010838
    49    43    -0.003282
    50    43     0.000000
     0    44     0.000000
     1    44    -0.001526
     2    44    -0.005063
     3    44    -0.009662
     4    44    -0.014670
     5    44    -0.019701
     6    44    -0.024550
     7    44    -0.029124
     8    44    -0.033391
     9    44    -0.037349
    10    44    -0.041013
    11    44    -0.044406
    12    44    -0.047554
    13    44    -0.050480
    14    44    -0.053206
    15    44    -0.055751
    16    44    -0.058130
    17    44    -0.060356
    18    44    -0.062440
    19    44    -0.064390
    20    44    -0.066211
    21    44    -0.067908
    22    44    -0.069480
    23    44    -0.070929
    24    44    -0.072252
    25    44    -0.073445
    26    44    -0.074501
    27    44    -0.075414
    28    44    -0.076173
    29    44    -0.076767
    30    44    -0.077182
    31    44    -0.077402
    32    44    -0.077410
    33    44    -0.077184
    34    44    -0.076700
    35    44    -0.075931
    36    44    -0.074846
    37    44    -0.073406
    38    44    -0.071564
    39    44    -0.069261
    40    44    -0.066420
    41    44    -0.062945
    42    44    -0.058712
    43    44    -0.053572
    44    44    -0.047357
    45    44    -0.039918
    46    44    -0.031221
    47    44    -0.021559
    48    44    -0.011809
    49    44    -0.003717
    50    44     0.000000
     0    45     0.000000
     1    45    -0.001906
     2    45    -0.006006
     3    45    -0.011021
     4    45    -0.016200
     5    45    -0.021172
     6    45    -0.025786
     7    45    -0.030000
     8    45    -0.033825
     9    45    -0.037291
    10    45    -0.040440
    11    45    -0.043312
    12    45    -0.045942
    13    45    -0.048359
    14    45    -0.050588
    15    45    -0.052652
    16    45    -0.054568
    17    45    -0.056349
    18    45    -0.058007
    19    45    -0.059550
    20    45    -0.060984
    21    45    -0.062315
    22    45    -0.063544
    23    45    -0.064672
    24    45    -0.065698
    25    45    -0.066620
    26    45    -0.067433
    27    45    -0.068133
    28    45    -0.068711
    29    45    -0.069160
    30    45    -0.069469
    31    45    -0.069627
    32    45    -0.069618
    33    45    -0.069428
    34    45    -0.069038
    35    45    -0.068428
    36    45    -0.067573
    37    45    -0.066443
    38    45    -0.064999
    39    45    -0.063191
    40    45    -0.060956
    41    45    -0.058205
    42    45    -0.054822
    43    45    -0.050655
    44    45    -0.045511
    45    45    -0.039176
    46    45    -0.031478
    47    45    -0.022470
    48    45    -0.012817
    49    45    -0.004254
    50    45     0.000000
     0    46     0.000000
     1    46    -0.002462
     2    46    -0.007204
     3    46    -0.012537
     4    46    -0.017677
     5    46    -0.022339
     6    46    -0.026467
     7    46    -0.030090
     8    46    -0.033277
     9    46    -0.036094
    10    46    -0.038601
    11    46    -0.040847
    12    46    -0.042874
    13    46    -0.044713
    14    46    -0.046392
    15    46    -0.047931
    16    46    -0.049349
    17    46    -0.050657
    18    46    -0.051866
    19    46    -0.052986
    20    46    -0.054022
    21    46    -0.054977
    22    46    -0.055856
    23    46    -0.056659
    24    46    -0.057385
    25    46    -0.058035
    26    46    -0.058605
    27    46    -0.059091
    28    46    -0.059489
    29    46    -0.059792
    30    46    -0.059995
    31    46    -0.060087
    32    46    -0.060061
    33    46    -0.059904
    34    46    -0.059604
    35    46    -0.059147
    36    46    -0.058515
    37    46    -0.057686
    38    46    -0.056632
    39    46    -0.055314
    40    46    -0.053683
    41    46    -0.051667
    42    46    -0.049168
    43    46    -0.046046
    44    46    -0.042109
    45    46    -0.037107
    46    46    -0.030760
    47    46    -0.022887
    48    46    -0.013768
    49    46    -0.004924
    50    46     0.000000
     0    47     0.000000
     1    47    -0.003267
     2    47    -0.008593
     3    47    -0.013920
     4    47    -0.018610
     5    47    -0.022561
     6    47    -0.025863
     7    47    -0.028637
     8    47    -0.030991
     9    47    -0.033012
    10    47    -0.034768
    11    47    -0.036310
    12    47    -0.037679
    13    47    -0.038904
    14    47    -0.040009
    15    47    -0.041012
    16    47    -0.041927
    17    47    -0.042765
    18    47    -0.043535
    19    47    -0.044243
    20    47    -0.044893
    21    47    -0.045491
    22    47    -0.046037
    23    47    -0.046533
    24    47    -0.046979
    25    47    -0.047375
    26    47    -0.047719
    27    47    -0.048009
    28    47    -0.048242
    29    47    -0.048415
    30    47    -0.048523
    31    47    -0.048561
    32    47    -0.048522
    33    47    -0.048402
    34    47    -0.048191
    35    47    -0.047882
    36    47    -0.047463
    37    47    -0.046919
    38    47    -0.046233
    39    47    -0.045379
    40    47    -0.044323
    41    47    -0.043016
    42    47    -0.041384
    43    47    -0.039318
    44    47    -0.036657
    45    47    -0.033160
    46    47    -0.028496
    47    47    -0.022293
    48    47    -0.014392
    49    47    -0.005710
    50    47     0.000000
     0    48     0.000000
     1    48    -0.004303
     2    48    -0.009720
     3    48    -0.014295
     4    48    -0.017852
     5    48    -0.020592
     6    48    -0.022730
     7    48    -0.024430
     8    48    -0.025812
     9    48    -0.026958
    10    48    -0.027926
    11    48    -0.028757
    12    48    -0.029481
    13    48    -0.030119
    14    48    -0.030688
    15    48    -0.031198
    16    48    -0.031659
    17    48    -0.032078
    18    48    -0.032460
    19    48    -0.032808
    20    48    -0.033127
    21    48    -0.033418
    22    48    -0.033681
    23    48    -0.033919
    24    48    -0.034131
    25    48    -0.034318
    26    48    -0.034477
    27    48    -0.034609
    28    48    -0.034712
    29    48    -0.034783
    30    48    -0.034822
    31    48    -0.034824
    32    48    -0.034788
    33    48    -0.034711
    34    48    -0.034589
    35    48    -0.034418
    36    48    -0.034191
    37    48    -0.033902
    38    48    -0.033541
    39    48    -0.033095
    40    48    -0.032546
    41    48    -0.031866
    42    48    -0.031014
    43    48    -0.029924
    44    48    -0.028488
    45    48    -0.026529
    46    48    -0.023760
    47    48    -0.019741
    48    48    -0.013950
    49    48    -0.006390
    50    48     0.000000
     0    49     0.000000
     1    49    -0.004831
     2    49    -0.008767
     3    49    -0.011363
     4    49    -0.013071
     5    49    -0.014231
     6    49    -0.015053
     7    49    -0.015658
     8    49    -0.016121
     9    49    -0.016488
    10    49    -0.016787
    11    49    -0.017036
    12    49    -0.017249
    13    49    -0.017433
    14    49    -0.017595
    15    49    -0.017739
    16    49    -0.017868
    17    49    -0.017984
    18    49    -0.018089
    19    49    -0.018184
    20    49    -0.018270
    21    49    -0.018348
    22    49    -0.018418
    23    49    -0.018481
    24    49    -0.018536
    25    49    -0.018583
    26    49    -0.018622
    27    49    -0.018653
    28    49    -0.018676
    29    49    -0.018689
    30    49    -0.018692
    31    49    -0.018685
    32    49    -0.018666
    33    49    -0.018636
    34    49    -0.018592
    35    49    -0.018534
    36    49    -0.018460
    37    49    -0.018368
    38    49    -0.018254
    39    49    -0.018116
    40    49    -0.017947
    41    49    -0.017739
    42    49    -0.017478
    43    49    -0.017141
    44    49    -0.016688
    45    49    -0.016042
    46    49    -0.015057
    47    49    -0.013437
    48    49    -0.010635
    49    49    -0.005917
    50    49     0.000000
     0    50     0.000000
     1    50     0.000000
     2    50     0.000000
     3    50     0.000000
     4    50     0.000000
     5    50     0.000000
     6    50     0.000000
     7    50     0.000000
     8    50     0.000000
     9    50     0.000000
    10    50     0.000000
    11    50     0.000000
    12    50     0.000000
    13    50     0.000000
    14    50     0.000000
    15    50     0.000000
    16    50     0.000000
    17    50     0.000000
    18    50     0.000000
    19    50     0.000000
    20    50     0.000000
    21    50     0.000000
    22    50     0.000000
    23    50     0.000000
    24    50     0.000000
    25    50     0.000000
    26    50     0.000000
    27    50     0.000000
    28    50     0.000000
    29    50     0.000000
    30    50     0.000000
    31    50     0.000000
    32    50     0.000000
    33    50     0.000000
    34    50     0.000000
    35    50     0.000000
    36    50     0.000000
    37    50     0.000000
    38    50     0.000000
    39    50     0.000000
    40    50     0.000000
    41    50     0.000000
    42    50     0.000000
    43    50     0.000000
    44    50     0.000000
    45    50     0.000000
    46    50     0.000000
    47    50     0.000000
    48    50     0.000000
    49    50     0.000000
    50    50     0.000000
